PAR File TN GSTDZALL Final Content:LA Level:20 Form:G Other:CB (18SEP07)                                                                                                                                                                                        
   1 00629472   1  0.02987 710.1753  0.3265                                                                                                                                                                                                                     
   2 00629474   1  0.01899 669.1615  0.2087                                                                                                                                                                                                                     
   3 00629176   1  0.02226 679.8320  0.2109                                                                                                                                                                                                                     
   4 00629628   1  0.01860 702.9178  0.1495                                                                                                                                                                                                                     
   5 00629580   1  0.03713 632.5227  0.1661                                                                                                                                                                                                                     
   6 00629470   1  0.01678 660.9805  0.2000                                                                                                                                                                                                                     
   7 00629632   1  0.02970 629.6625  0.1336                                                                                                                                                                                                                     
   8 00627943   1  0.02718 702.1476  0.2540                                                                                                                                                                                                                     
   9 00627945   1  0.03263 684.9355  0.2567                                                                                                                                                                                                                     
  10 00627947   1  0.02752 682.9414  0.1687                                                                                                                                                                                                                     
  11 00627951   1  0.03162 716.5060  0.2692                                                                                                                                                                                                                     
  12 00627953   1  0.04472 668.6278  0.1574                                                                                                                                                                                                                     
  13 00627955   1  0.03883 668.4872  0.2190                                                                                                                                                                                                                     
  14 00627957   1  0.02316 665.0295  0.1165                                                                                                                                                                                                                     
  15 00629450   1  0.00898 687.2141  0.2000                                                                                                                                                                                                                     
  16 00629454   1  0.03959 670.6220  0.1682                                                                                                                                                                                                                     
  17 00629456   1  0.02020 701.5916  0.1526                                                                                                                                                                                                                     
  18 00629458   1  0.03224 687.9810  0.2826                                                                                                                                                                                                                     
  19 00629460   1  0.03028 673.4438  0.1597                                                                                                                                                                                                                     
  20 00629462   1  0.03394 683.0245  0.2184                                                                                                                                                                                                                     
  21 00629464   1  0.03077 730.0717  0.2558                                                                                                                                                                                                                     
  22 00629393   1  0.01966 696.2068  0.1721                                                                                                                                                                                                                     
  23 00629395   1  0.03625 697.9357  0.1672                                                                                                                                                                                                                     
  24 00629397   1  0.02650 674.9649  0.1638                                                                                                                                                                                                                     
  25 00629399   1  0.02360 721.8236  0.2283                                                                                                                                                                                                                     
  26 00629401   1  0.03166 695.7818  0.2333                                                                                                                                                                                                                     
  27 00629403   1  0.03352 718.8804  0.2482                                                                                                                                                                                                                     
  28 00629405   1  0.03632 701.4606  0.2125                                                                                                                                                                                                                     
  29 00629592   1  0.04043 690.1861  0.1853                                                                                                                                                                                                                     
  30 00629588   1  0.02640 724.9586  0.1472                                                                                                                                                                                                                     
  31 00629590   1  0.04500 682.9510  0.2479                                                                                                                                                                                                                     
  32 00629600   1  0.04132 686.4215  0.2492                                                                                                                                                                                                                     
  33 00629596   1  0.03835 676.3742  0.2071                                                                                                                                                                                                                     
  34 00629598   1  0.04411 704.6019  0.2637                                                                                                                                                                                                                     
