PAR File TN GSTDZALL Final Content:LA Level:13 Form:G Other:SV (18SEP07)                                                                                                                                                                                        
   1 00623639   1  0.01721 547.7305  0.2000                                                                                                                                                                                                                     
   2 00623728   1  0.01631 591.0811  0.1472                                                                                                                                                                                                                     
   3 00623730   1  0.02548 551.3555  0.2000                                                                                                                                                                                                                     
   4 00622613   1  0.02220 562.0002  0.1829                                                                                                                                                                                                                     
   5 00079613   1  0.01578 575.2319  0.1829                                                                                                                                                                                                                     
   6 00623576   1  0.01453 564.9569  0.2000                                                                                                                                                                                                                     
   7 00623548   1  0.03919 585.8709  0.2510                                                                                                                                                                                                                     
   8 00623540   1  0.01926 600.9926  0.2164                                                                                                                                                                                                                     
   9 00623675   1  0.01818 628.2444  0.3047                                                                                                                                                                                                                     
  10 00623677   1  0.02300 597.6829  0.1694                                                                                                                                                                                                                     
  11 00823512   1  0.01526 656.4453  0.1914                                                                                                                                                                                                                     
  12 00623546   1  0.02446 614.9900  0.1767                                                                                                                                                                                                                     
  13 00623637   1  0.01884 625.0070  0.1312                                                                                                                                                                                                                     
  14 00623645   1  0.01556 615.8627  0.2061                                                                                                                                                                                                                     
  15 00623643   1  0.02508 583.9921  0.1433                                                                                                                                                                                                                     
  16 00623598   1  0.02916 608.8270  0.1464                                                                                                                                                                                                                     
  17 00623516   1  0.02438 662.9371  0.2252                                                                                                                                                                                                                     
  18 00623514   1  0.03187 625.2353  0.1986                                                                                                                                                                                                                     
  19 00623671   1  0.02669 622.8514  0.1371                                                                                                                                                                                                                     
  20 00623673   1  0.01600 617.0080  0.1742                                                                                                                                                                                                                     
