PAR file TNG TX solution CONTENT:LA LEVEL:12 FORM:GL (21MAY10)
  1 00622666 1 0.02970 562.8670 0.2773
  2 00622668 1 0.02120 540.4858 0.2499
  3 00622539 1 0.02940 541.4348 0.2833
  4 00622541 1 0.02570 565.0706 0.2833
  5 00622664 1 0.02530 539.5404 0.2833
  6 00622543 1 0.02200 593.3869 0.3355
  7 00622717 1 0.02380 604.1605 0.1756
  8 00622545 1 0.02530 546.1979 0.2833
  9 00622547 1 0.02210 532.8720 0.2833
 10 00622549 1 0.02190 528.1125 0.2833
 11 00622551 1 0.02740 631.9267 0.2393
 12 00622727 1 0.04140 622.5407 0.2739
 13 00622729 1 0.03410 638.2931 0.1369
 14 00622735 1 0.02730 607.2808 0.1292
 15 00623542 1 0.04210 562.6406 0.1941
 16 00622672 1 0.00490 609.2435 0.2833
 17 00622621 1 0.02230 584.7701 0.0693
 18 00622567 1 0.02380 591.5248 0.2645
 19 00622569 1 0.01960 639.5010 0.2974
 20 00622591 1 0.02530 611.7815 0.1772
 21 00622723 1 0.02880 595.6271 0.2662
 22 00622611 1 0.02380 554.3653 0.1556
 23 00622613 1 0.03300 594.1832 0.1529
 24 00622615 1 0.02550 580.4350 0.0946
 25 00622619 1 0.01700 594.4876 0.1185
 26 00623544 1 0.03910 562.1476 0.1323
 27 00622674 1 0.02090 567.3259 0.2024
 28 00622595 1 0.01650 660.3812 0.2629
