PAR File TN GSTDZALL Final Content:LA Level:18 Form:G Other:MA (18SEP07)                                                                                                                                                                                        
   1 00482559   1  0.01322 644.3692  0.2000                                                                                                                                                                                                                     
   2 00628193   1  0.01877 680.7555  0.2052                                                                                                                                                                                                                     
   3 00627975   1  0.02887 659.5776  0.3418                                                                                                                                                                                                                     
   4 00626420   1  0.02110 678.6911  0.1552                                                                                                                                                                                                                     
   5 00629563   1  0.01022 725.6521  0.1643                                                                                                                                                                                                                     
   6 00482565   1  0.02513 649.2299  0.0952                                                                                                                                                                                                                     
   7 00628153   1  0.01970 650.6520  0.1150                                                                                                                                                                                                                     
   8 00482543   1  0.01643 654.5028  0.1403                                                                                                                                                                                                                     
   9 00628117   1  0.01885 665.7229  0.1094                                                                                                                                                                                                                     
  10 00628155   1  0.01734 705.5223  0.0909                                                                                                                                                                                                                     
  11 00628225   1  0.03157 668.4808  0.2376                                                                                                                                                                                                                     
  12 00628043   1  0.03672 688.7928  0.2836                                                                                                                                                                                                                     
  13 00628073   1  0.03834 659.3059  0.2084                                                                                                                                                                                                                     
  14 00628041   1  0.03096 671.2643  0.2287                                                                                                                                                                                                                     
  15 00627941   1  0.01868 649.3577  0.1792                                                                                                                                                                                                                     
  16 00628029   1  0.01856 655.1515  0.1151                                                                                                                                                                                                                     
  17 00628031   1  0.02645 657.7720  0.2000                                                                                                                                                                                                                     
  18 00628035   1  0.02518 658.0436  0.0997                                                                                                                                                                                                                     
  19 00628037   1  0.03235 655.8354  0.1719                                                                                                                                                                                                                     
  20 00628039   1  0.02294 667.2441  0.1435                                                                                                                                                                                                                     
  21 00629527   1  0.02203 664.8793  0.1412                                                                                                                                                                                                                     
  22 00629529   1  0.02093 685.7920  0.2414                                                                                                                                                                                                                     
  23 00629531   1  0.03770 676.1953  0.1829                                                                                                                                                                                                                     
  24 00629533   1  0.02610 670.6603  0.1901                                                                                                                                                                                                                     
  25 00629535   1  0.02959 696.9898  0.2085                                                                                                                                                                                                                     
  26 00629537   1  0.02544 668.0526  0.2043                                                                                                                                                                                                                     
  27 00629539   1  0.02730 693.7813  0.2350                                                                                                                                                                                                                     
  28 00628233   7  0.01812  12.6585 11.9502 12.6996 12.9029 13.3337 15.1596                                                                                                                                                                                     
  29 00823521   3  0.01362   8.4368  9.2575                                                                                                                                                                                                                     
  30 00516781   5  0.01092   6.5923  6.5342  7.3708  7.9434                                                                                                                                                                                                     
