PAR File TN GSTDZALL Final Content:LA Level:15 Form:G Other:MA (18SEP07)                                                                                                                                                                                        
   1 00620670   1  0.01867 582.2446  0.2000                                                                                                                                                                                                                     
   2 00484949   1  0.01948 581.7525  0.2000                                                                                                                                                                                                                     
   3 00620730   1  0.03399 605.3016  0.2253                                                                                                                                                                                                                     
   4 00624807   1  0.02007 617.8320  0.1573                                                                                                                                                                                                                     
   5 00482035   1  0.02054 607.5482  0.2000                                                                                                                                                                                                                     
   6 00482177   1  0.01415 612.4185  0.2000                                                                                                                                                                                                                     
   7 00482179   1  0.02141 605.6947  0.1536                                                                                                                                                                                                                     
   8 00620672   1  0.01967 655.6181  0.1924                                                                                                                                                                                                                     
   9 00620738   1  0.02790 620.6347  0.1927                                                                                                                                                                                                                     
  10 00620613   1  0.01431 644.4778  0.1708                                                                                                                                                                                                                     
  11 00620798   1  0.02956 604.1959  0.1875                                                                                                                                                                                                                     
  12 00620796   1  0.01603 649.0733  0.1287                                                                                                                                                                                                                     
  13 00620674   1  0.02560 660.6162  0.2337                                                                                                                                                                                                                     
  14 00620676   1  0.02410 659.2069  0.1701                                                                                                                                                                                                                     
  15 00484957   1  0.02355 682.2575  0.2048                                                                                                                                                                                                                     
  16 00620573   1  0.02727 619.7526  0.1978                                                                                                                                                                                                                     
  17 00620575   1  0.03519 628.8285  0.1625                                                                                                                                                                                                                     
  18 00620577   1  0.03576 629.3653  0.2219                                                                                                                                                                                                                     
  19 00620579   1  0.02519 667.6851  0.1308                                                                                                                                                                                                                     
  20 00620583   1  0.02664 622.3891  0.1106                                                                                                                                                                                                                     
  21 00620581   1  0.03006 640.8635  0.1772                                                                                                                                                                                                                     
  22 00620700   1  0.03723 639.1027  0.2218                                                                                                                                                                                                                     
  23 00620702   1  0.04089 634.2164  0.2455                                                                                                                                                                                                                     
  24 00620704   1  0.01857 653.4834  0.1870                                                                                                                                                                                                                     
  25 00620706   1  0.03420 637.0286  0.2042                                                                                                                                                                                                                     
  26 00620708   1  0.03005 665.6143  0.1730                                                                                                                                                                                                                     
  27 00620712   1  0.02446 666.3397  0.2114                                                                                                                                                                                                                     
  28 00620811   7  0.02062  13.2514 11.9993 12.9797 13.0582 13.8396 13.7441                                                                                                                                                                                     
  29 00823515   4  0.01264   8.2333  7.6445  8.8639                                                                                                                                                                                                             
  30 00516329   3  0.02259  17.0966 16.7265                                                                                                                                                                                                                     
