PAR File TN GSTDZALL Final Content:LA Level:21 Form:G Other:SV (18SEP07)                                                                                                                                                                                        
   1 00122165   1  0.01245 672.7791  0.1605                                                                                                                                                                                                                     
   2 00122175   1  0.01918 675.8214  0.2078                                                                                                                                                                                                                     
   3 00122177   1  0.01876 686.3416  0.1901                                                                                                                                                                                                                     
   4 00122179   1  0.01933 659.8077  0.1386                                                                                                                                                                                                                     
   5 00122181   1  0.02204 730.3913  0.2255                                                                                                                                                                                                                     
   6 00122183   1  0.03167 656.4362  0.0569                                                                                                                                                                                                                     
   7 00122185   1  0.02325 665.7549  0.0805                                                                                                                                                                                                                     
   8 00122187   1  0.01561 692.4295  0.1510                                                                                                                                                                                                                     
   9 00122189   1  0.02898 653.3523  0.0984                                                                                                                                                                                                                     
  10 00122269   1  0.02490 679.1545  0.2076                                                                                                                                                                                                                     
  11 00122271   1  0.02670 673.0123  0.0721                                                                                                                                                                                                                     
  12 00122273   1  0.02218 715.9020  0.2068                                                                                                                                                                                                                     
  13 00122821   1  0.03235 665.7325  0.1676                                                                                                                                                                                                                     
  14 00122823   1  0.01836 662.8564  0.1486                                                                                                                                                                                                                     
  15 00122825   1  0.02150 697.7439  0.1446                                                                                                                                                                                                                     
  16 00122927   1  0.04851 665.2020  0.2125                                                                                                                                                                                                                     
  17 00122929   1  0.04058 691.0585  0.1546                                                                                                                                                                                                                     
  18 00122931   1  0.02434 699.0957  0.2340                                                                                                                                                                                                                     
  19 00122933   1  0.04649 691.7168  0.2592                                                                                                                                                                                                                     
  20 00122935   1  0.03801 702.5982  0.2411                                                                                                                                                                                                                     
  21 00122937   1  0.01801 749.7573  0.2601                                                                                                                                                                                                                     
  22 00122897   1  0.04132 712.7989  0.2288                                                                                                                                                                                                                     
  23 00122899   1  0.04422 691.0170  0.2364                                                                                                                                                                                                                     
  24 00122901   1  0.02909 719.0689  0.1683                                                                                                                                                                                                                     
  25 00122903   1  0.02782 701.2784  0.1187                                                                                                                                                                                                                     
  26 00122905   1  0.03057 702.1253  0.2703                                                                                                                                                                                                                     
  27 00122907   1  0.02293 688.5339  0.2071                                                                                                                                                                                                                     
