PAR File TN GSTDZALL Final Content:LA Level:16 Form:G Other:MA (18SEP07)                                                                                                                                                                                        
   1 00625550   1  0.01891 598.2679  0.2000                                                                                                                                                                                                                     
   2 00482501   1  0.01168 643.3753  0.2000                                                                                                                                                                                                                     
   3 00625596   1  0.01977 645.2800  0.1967                                                                                                                                                                                                                     
   4 00625716   1  0.01854 659.7022  0.2309                                                                                                                                                                                                                     
   5 00625744   1  0.01740 676.4957  0.2229                                                                                                                                                                                                                     
   6 00482258   1  0.02520 608.3887  0.2000                                                                                                                                                                                                                     
   7 00482260   1  0.02257 619.5673  0.2000                                                                                                                                                                                                                     
   8 00483276   1  0.01947 714.2658  0.2205                                                                                                                                                                                                                     
   9 00625482   1  0.02489 606.9794  0.2000                                                                                                                                                                                                                     
  10 00625666   1  0.02849 657.3981  0.2489                                                                                                                                                                                                                     
  11 00625750   1  0.03943 633.2833  0.1583                                                                                                                                                                                                                     
  12 00626524   1  0.03582 684.9132  0.1857                                                                                                                                                                                                                     
  13 00625670   1  0.02951 642.4614  0.2070                                                                                                                                                                                                                     
  14 00625594   1  0.02971 616.1351  0.1524                                                                                                                                                                                                                     
  15 00625674   1  0.03429 682.0722  0.2492                                                                                                                                                                                                                     
  16 00625714   1  0.05025 712.1151  0.1748                                                                                                                                                                                                                     
  17 00482085   1  0.03202 655.6213  0.2313                                                                                                                                                                                                                     
  18 00482087   1  0.02819 659.1430  0.1952                                                                                                                                                                                                                     
  19 00482089   1  0.02671 619.6855  0.1549                                                                                                                                                                                                                     
  20 00482091   1  0.02917 655.8897  0.2282                                                                                                                                                                                                                     
  21 00482093   1  0.03155 674.4856  0.2497                                                                                                                                                                                                                     
  22 00625560   1  0.03388 682.8743  0.2157                                                                                                                                                                                                                     
  23 00625562   1  0.03720 645.9926  0.2217                                                                                                                                                                                                                     
  24 00625564   1  0.03668 655.4679  0.2186                                                                                                                                                                                                                     
  25 00625566   1  0.04677 634.6095  0.2162                                                                                                                                                                                                                     
  26 00625568   1  0.05452 637.4856  0.2064                                                                                                                                                                                                                     
  27 00625570   1  0.02685 648.9135  0.1477                                                                                                                                                                                                                     
  28 00625520   7  0.01779  10.8621 10.9182 11.3983 12.1964 12.9288 12.8600                                                                                                                                                                                     
  29 00823517   3  0.01967  13.7139 15.3107                                                                                                                                                                                                                     
  30 00823519   4  0.02204  15.2055 15.4080 15.4488                                                                                                                                                                                                             
