PAR File TN GSTDZALL Final Content:LA Level:14 Form:G Other:MA (18SEP07)                                                                                                                                                                                        
   1 00624608   1  0.03114 566.0807  0.2000                                                                                                                                                                                                                     
   2 00624741   1  0.03462 574.6228  0.2000                                                                                                                                                                                                                     
   3 00624656   1  0.02886 610.9165  0.1668                                                                                                                                                                                                                     
   4 00624654   1  0.01809 624.1691  0.1491                                                                                                                                                                                                                     
   5 00624690   1  0.02457 647.1175  0.2124                                                                                                                                                                                                                     
   6 00623712   1  0.02765 581.0558  0.1748                                                                                                                                                                                                                     
   7 00624692   1  0.02824 592.6690  0.1323                                                                                                                                                                                                                     
   8 00624606   1  0.02098 597.1334  0.1519                                                                                                                                                                                                                     
   9 00624610   1  0.02411 625.7446  0.2133                                                                                                                                                                                                                     
  10 00624614   1  0.01958 610.4787  0.1748                                                                                                                                                                                                                     
  11 00624612   1  0.03133 636.2649  0.2408                                                                                                                                                                                                                     
  12 00623734   1  0.03195 610.7791  0.1473                                                                                                                                                                                                                     
  13 00624765   1  0.03678 610.4116  0.1944                                                                                                                                                                                                                     
  14 00624767   1  0.01485 640.1796  0.1470                                                                                                                                                                                                                     
  15 00624658   1  0.03313 597.1781  0.1435                                                                                                                                                                                                                     
  16 00624660   1  0.03906 612.6582  0.2211                                                                                                                                                                                                                     
  17 00624662   1  0.03598 643.0206  0.2303                                                                                                                                                                                                                     
  18 00624664   1  0.03874 655.2218  0.2577                                                                                                                                                                                                                     
  19 00624666   1  0.04696 620.2863  0.1701                                                                                                                                                                                                                     
  20 00624668   1  0.01883 617.7425  0.1233                                                                                                                                                                                                                     
  21 00624670   1  0.02333 649.5015  0.2187                                                                                                                                                                                                                     
  22 00624592   1  0.03206 621.1939  0.1715                                                                                                                                                                                                                     
  23 00624594   1  0.03767 624.5270  0.1633                                                                                                                                                                                                                     
  24 00624598   1  0.03237 649.8115  0.2413                                                                                                                                                                                                                     
  25 00624600   1  0.04583 615.5151  0.1812                                                                                                                                                                                                                     
  26 00624602   1  0.03737 631.7685  0.1463                                                                                                                                                                                                                     
  27 00624604   1  0.05714 607.2510  0.2275                                                                                                                                                                                                                     
  28 00624849   7  0.02139  13.2597 13.1963 13.7027 14.0030 14.5846 15.0669                                                                                                                                                                                     
  29 00516351   3  0.01903  10.1052 10.6576                                                                                                                                                                                                                     
  30 00516040   3  0.02063  12.8680 14.2530                                                                                                                                                                                                                     
