PAR File TN GSTDZALL Final Content:LA Level:13 Form:G Other:CB (18SEP07)                                                                                                                                                                                        
   1 00623665   1  0.02360 572.6462  0.2000                                                                                                                                                                                                                     
   2 00623639   1  0.01721 547.7305  0.2000                                                                                                                                                                                                                     
   3 00623728   1  0.01631 591.0811  0.1472                                                                                                                                                                                                                     
   4 00623730   1  0.02548 551.3555  0.2000                                                                                                                                                                                                                     
   5 00622613   1  0.02220 562.0002  0.1829                                                                                                                                                                                                                     
   6 00623510   1  0.01285 661.6636  0.1470                                                                                                                                                                                                                     
   7 00079613   1  0.01578 575.2319  0.1829                                                                                                                                                                                                                     
   8 00623576   1  0.01453 564.9569  0.2000                                                                                                                                                                                                                     
   9 00623548   1  0.03919 585.8709  0.2510                                                                                                                                                                                                                     
  10 00623663   1  0.04275 590.9500  0.2568                                                                                                                                                                                                                     
  11 00623669   1  0.02587 596.1326  0.2189                                                                                                                                                                                                                     
  12 00623540   1  0.01926 600.9926  0.2164                                                                                                                                                                                                                     
  13 00623675   1  0.01818 628.2444  0.3047                                                                                                                                                                                                                     
  14 00623677   1  0.02300 597.6829  0.1694                                                                                                                                                                                                                     
  15 00823512   1  0.01526 656.4453  0.1914                                                                                                                                                                                                                     
  16 00623546   1  0.02446 614.9900  0.1767                                                                                                                                                                                                                     
  17 00623637   1  0.01884 625.0070  0.1312                                                                                                                                                                                                                     
  18 00623645   1  0.01556 615.8627  0.2061                                                                                                                                                                                                                     
  19 00623518   1  0.02848 567.6900  0.1710                                                                                                                                                                                                                     
  20 00622625   1  0.01748 600.5953  0.1829                                                                                                                                                                                                                     
  21 00623710   1  0.02620 567.9093  0.2000                                                                                                                                                                                                                     
  22 00623643   1  0.02508 583.9921  0.1433                                                                                                                                                                                                                     
  23 00623598   1  0.02916 608.8270  0.1464                                                                                                                                                                                                                     
  24 00623516   1  0.02438 662.9371  0.2252                                                                                                                                                                                                                     
  25 00623514   1  0.03187 625.2353  0.1986                                                                                                                                                                                                                     
  26 00623574   1  0.01694 575.2236  0.2000                                                                                                                                                                                                                     
  27 00623671   1  0.02669 622.8514  0.1371                                                                                                                                                                                                                     
  28 00623673   1  0.01600 617.0080  0.1742                                                                                                                                                                                                                     
