PAR File TN GSTDZALL Final Content:LA Level:19 Form:G Other:CB (18SEP07)                                                                                                                                                                                        
   1 00482887   1  0.02896 627.3936  0.1467                                                                                                                                                                                                                     
   2 00482980   1  0.02008 689.1059  0.2542                                                                                                                                                                                                                     
   3 00483128   1  0.01989 647.4722  0.1504                                                                                                                                                                                                                     
   4 00482978   1  0.01828 711.6708  0.2362                                                                                                                                                                                                                     
   5 00629253   1  0.02848 720.7179  0.2887                                                                                                                                                                                                                     
   6 00629251   1  0.01947 636.5046  0.1866                                                                                                                                                                                                                     
   7 00629249   1  0.01727 664.4862  0.1253                                                                                                                                                                                                                     
   8 00483124   1  0.03469 639.5309  0.1276                                                                                                                                                                                                                     
   9 00629293   1  0.04244 638.6105  0.1300                                                                                                                                                                                                                     
  10 00629344   1  0.02080 645.3503  0.1770                                                                                                                                                                                                                     
  11 00629291   1  0.01909 660.7951  0.1453                                                                                                                                                                                                                     
  12 00629295   1  0.01595 659.8908  0.2000                                                                                                                                                                                                                     
  13 00629346   1  0.03065 747.6194  0.2656                                                                                                                                                                                                                     
  14 00629196   1  0.02087 687.4729  0.1534                                                                                                                                                                                                                     
  15 00629178   1  0.03193 656.8133  0.1139                                                                                                                                                                                                                     
  16 00629180   1  0.01264 696.8747  0.2000                                                                                                                                                                                                                     
  17 00629182   1  0.01546 705.6853  0.1650                                                                                                                                                                                                                     
  18 00629192   1  0.01642 652.5566  0.1446                                                                                                                                                                                                                     
  19 00629188   1  0.03425 662.9363  0.2409                                                                                                                                                                                                                     
  20 00629190   1  0.03012 651.4317  0.1618                                                                                                                                                                                                                     
  21 00629332   1  0.03386 646.2419  0.1827                                                                                                                                                                                                                     
  22 00629326   1  0.01727 692.8609  0.1216                                                                                                                                                                                                                     
  23 00629328   1  0.03084 680.4392  0.2022                                                                                                                                                                                                                     
  24 00629330   1  0.03667 678.3236  0.2150                                                                                                                                                                                                                     
  25 00629334   1  0.02154 677.3681  0.1696                                                                                                                                                                                                                     
  26 00629336   1  0.02456 712.9939  0.2593                                                                                                                                                                                                                     
  27 00629338   1  0.03095 694.0976  0.2268                                                                                                                                                                                                                     
  28 00629340   1  0.03521 667.8481  0.2019                                                                                                                                                                                                                     
  29 00629255   1  0.06715 730.2251  0.2333                                                                                                                                                                                                                     
  30 00629257   1  0.02884 676.3998  0.2493                                                                                                                                                                                                                     
  31 00629259   1  0.02403 674.8786  0.1577                                                                                                                                                                                                                     
  32 00629265   1  0.03841 672.0504  0.2687                                                                                                                                                                                                                     
  33 00629267   1  0.02916 674.9681  0.1321                                                                                                                                                                                                                     
  34 00629269   1  0.04384 670.6539  0.2232                                                                                                                                                                                                                     
