PAR File TN GSTDZALL Final Content:LA Level:18 Form:G Other:CB (18SEP07)                                                                                                                                                                                        
   1 00482559   1  0.01322 644.3692  0.2000                                                                                                                                                                                                                     
   2 00628193   1  0.01877 680.7555  0.2052                                                                                                                                                                                                                     
   3 00482827   1  0.03090 635.1144  0.1304                                                                                                                                                                                                                     
   4 00627975   1  0.02887 659.5776  0.3418                                                                                                                                                                                                                     
   5 00626420   1  0.02110 678.6911  0.1552                                                                                                                                                                                                                     
   6 00629563   1  0.01022 725.6521  0.1643                                                                                                                                                                                                                     
   7 00482565   1  0.02513 649.2299  0.0952                                                                                                                                                                                                                     
   8 00628153   1  0.01970 650.6520  0.1150                                                                                                                                                                                                                     
   9 00482543   1  0.01643 654.5028  0.1403                                                                                                                                                                                                                     
  10 00628117   1  0.01885 665.7229  0.1094                                                                                                                                                                                                                     
  11 00628155   1  0.01734 705.5223  0.0909                                                                                                                                                                                                                     
  12 00628225   1  0.03157 668.4808  0.2376                                                                                                                                                                                                                     
  13 00628043   1  0.03672 688.7928  0.2836                                                                                                                                                                                                                     
  14 00628073   1  0.03834 659.3059  0.2084                                                                                                                                                                                                                     
  15 00628041   1  0.03096 671.2643  0.2287                                                                                                                                                                                                                     
  16 00627941   1  0.01868 649.3577  0.1792                                                                                                                                                                                                                     
  17 00628229   1  0.01142 699.9745  0.2000                                                                                                                                                                                                                     
  18 00628029   1  0.01856 655.1515  0.1151                                                                                                                                                                                                                     
  19 00628031   1  0.02645 657.7720  0.2000                                                                                                                                                                                                                     
  20 00628035   1  0.02518 658.0436  0.0997                                                                                                                                                                                                                     
  21 00628037   1  0.03235 655.8354  0.1719                                                                                                                                                                                                                     
  22 00628039   1  0.02294 667.2441  0.1435                                                                                                                                                                                                                     
  23 00629527   1  0.02203 664.8793  0.1412                                                                                                                                                                                                                     
  24 00629529   1  0.02093 685.7920  0.2414                                                                                                                                                                                                                     
  25 00629531   1  0.03770 676.1953  0.1829                                                                                                                                                                                                                     
  26 00629533   1  0.02610 670.6603  0.1901                                                                                                                                                                                                                     
  27 00629535   1  0.02959 696.9898  0.2085                                                                                                                                                                                                                     
  28 00629537   1  0.02544 668.0526  0.2043                                                                                                                                                                                                                     
  29 00629539   1  0.02730 693.7813  0.2350                                                                                                                                                                                                                     
  30 00626377   1  0.02127 689.6684  0.1143                                                                                                                                                                                                                     
  31 00626381   1  0.03496 668.8036  0.1827                                                                                                                                                                                                                     
  32 00626391   1  0.03023 692.6819  0.2777                                                                                                                                                                                                                     
  33 00626385   1  0.02372 666.3493  0.1722                                                                                                                                                                                                                     
  34 00626387   1  0.02777 674.6997  0.1883                                                                                                                                                                                                                     
