PAR File TN GSTDZALL Final Content:LA Level:17 Form:G Other:CB (18SEP07)                                                                                                                                                                                        
   1 00625720   1  0.02232 627.3137  0.2000                                                                                                                                                                                                                     
   2 00625746   1  0.01885 649.2171  0.2000                                                                                                                                                                                                                     
   3 00625598   1  0.03073 647.2709  0.2998                                                                                                                                                                                                                     
   4 00626422   1  0.02186 633.9224  0.1405                                                                                                                                                                                                                     
   5 00626514   1  0.02080 677.1380  0.1717                                                                                                                                                                                                                     
   6 00483178   1  0.01637 663.0481  0.1512                                                                                                                                                                                                                     
   7 00483180   1  0.00879 690.2692  0.2000                                                                                                                                                                                                                     
   8 00626516   1  0.01813 759.9804  0.2701                                                                                                                                                                                                                     
   9 00626518   1  0.02108 707.9351  0.1823                                                                                                                                                                                                                     
  10 00625712   1  0.02415 651.6938  0.1956                                                                                                                                                                                                                     
  11 00625556   1  0.03262 615.0006  0.1359                                                                                                                                                                                                                     
  12 00625672   1  0.02241 614.9559  0.1956                                                                                                                                                                                                                     
  13 00626442   1  0.01770 671.1588  0.1850                                                                                                                                                                                                                     
  14 00625676   1  0.04803 668.0174  0.2373                                                                                                                                                                                                                     
  15 00626375   1  0.03469 676.3007  0.3075                                                                                                                                                                                                                     
  16 00625558   1  0.01556 643.9474  0.2000                                                                                                                                                                                                                     
  17 00626528   1  0.02442 634.6574  0.1272                                                                                                                                                                                                                     
  18 00626530   1  0.02893 638.5658  0.0948                                                                                                                                                                                                                     
  19 00626532   1  0.01791 674.5399  0.1537                                                                                                                                                                                                                     
  20 00626540   1  0.02870 655.4423  0.1940                                                                                                                                                                                                                     
  21 00626534   1  0.03833 671.1492  0.2277                                                                                                                                                                                                                     
  22 00626538   1  0.02077 681.9731  0.1949                                                                                                                                                                                                                     
  23 00626576   1  0.02874 639.5820  0.1345                                                                                                                                                                                                                     
  24 00626570   1  0.02378 670.5485  0.2663                                                                                                                                                                                                                     
  25 00626572   1  0.02018 677.9146  0.1627                                                                                                                                                                                                                     
  26 00626578   1  0.03025 662.0415  0.1856                                                                                                                                                                                                                     
  27 00626580   1  0.04021 662.5304  0.2275                                                                                                                                                                                                                     
  28 00626582   1  0.03476 677.0166  0.2437                                                                                                                                                                                                                     
  29 00626584   1  0.02645 643.0078  0.1765                                                                                                                                                                                                                     
  30 00104019   1  0.02783 685.7441  0.2329                                                                                                                                                                                                                     
  31 00104021   1  0.02739 676.4062  0.1411                                                                                                                                                                                                                     
  32 00482998   1  0.03059 685.9326  0.2478                                                                                                                                                                                                                     
  33 00483002   1  0.04307 672.3093  0.2256                                                                                                                                                                                                                     
  34 00104029   1  0.03174 686.0061  0.2500                                                                                                                                                                                                                     
