PAR File TN GSTDZALL Final Content:LA Level:16 Form:G Other:CB (18SEP07)                                                                                                                                                                                        
   1 00625550   1  0.01891 598.2679  0.2000                                                                                                                                                                                                                     
   2 00483214   1  0.03774 672.2166  0.2477                                                                                                                                                                                                                     
   3 00482501   1  0.01168 643.3753  0.2000                                                                                                                                                                                                                     
   4 00625596   1  0.01977 645.2800  0.1967                                                                                                                                                                                                                     
   5 00625716   1  0.01854 659.7022  0.2309                                                                                                                                                                                                                     
   6 00625744   1  0.01740 676.4957  0.2229                                                                                                                                                                                                                     
   7 00482258   1  0.02520 608.3887  0.2000                                                                                                                                                                                                                     
   8 00482260   1  0.02257 619.5673  0.2000                                                                                                                                                                                                                     
   9 00483276   1  0.01947 714.2658  0.2205                                                                                                                                                                                                                     
  10 00625482   1  0.02489 606.9794  0.2000                                                                                                                                                                                                                     
  11 00625666   1  0.02849 657.3981  0.2489                                                                                                                                                                                                                     
  12 00625726   1  0.03848 644.1711  0.2164                                                                                                                                                                                                                     
  13 00625750   1  0.03943 633.2833  0.1583                                                                                                                                                                                                                     
  14 00626524   1  0.03582 684.9132  0.1857                                                                                                                                                                                                                     
  15 00625670   1  0.02951 642.4614  0.2070                                                                                                                                                                                                                     
  16 00625594   1  0.02971 616.1351  0.1524                                                                                                                                                                                                                     
  17 00625674   1  0.03429 682.0722  0.2492                                                                                                                                                                                                                     
  18 00625714   1  0.05025 712.1151  0.1748                                                                                                                                                                                                                     
  19 00482085   1  0.03202 655.6213  0.2313                                                                                                                                                                                                                     
  20 00482087   1  0.02819 659.1430  0.1952                                                                                                                                                                                                                     
  21 00482089   1  0.02671 619.6855  0.1549                                                                                                                                                                                                                     
  22 00482091   1  0.02917 655.8897  0.2282                                                                                                                                                                                                                     
  23 00482093   1  0.03155 674.4856  0.2497                                                                                                                                                                                                                     
  24 00625560   1  0.03388 682.8743  0.2157                                                                                                                                                                                                                     
  25 00625562   1  0.03720 645.9926  0.2217                                                                                                                                                                                                                     
  26 00625564   1  0.03668 655.4679  0.2186                                                                                                                                                                                                                     
  27 00625566   1  0.04677 634.6095  0.2162                                                                                                                                                                                                                     
  28 00625568   1  0.05452 637.4856  0.2064                                                                                                                                                                                                                     
  29 00625570   1  0.02685 648.9135  0.1477                                                                                                                                                                                                                     
  30 00625634   1  0.02827 651.4956  0.2113                                                                                                                                                                                                                     
  31 00625636   1  0.03458 676.4573  0.2380                                                                                                                                                                                                                     
  32 00625638   1  0.02717 671.6126  0.2213                                                                                                                                                                                                                     
  33 00625640   1  0.03448 677.7580  0.2394                                                                                                                                                                                                                     
  34 00625642   1  0.03651 681.7079  0.2165                                                                                                                                                                                                                     
