PAR File TN GSTDZALL Final Content:MA Level:20 Form:G Other:MA (18SEP07)                                                                                                                                                                                        
   1 00629009   1  0.01239 701.7951  0.1092                                                                                                                                                                                                                     
   2 00628921   1  0.02413 737.6985  0.2255                                                                                                                                                                                                                     
   3 00628913   1  0.02273 686.4604  0.1441                                                                                                                                                                                                                     
   4 00628739   1  0.02431 779.1592  0.1250                                                                                                                                                                                                                     
   5 00628915   1  0.02780 715.9382  0.1160                                                                                                                                                                                                                     
   6 00629045   1  0.01286 697.8524  0.2000                                                                                                                                                                                                                     
   7 00629049   1  0.01842 732.2544  0.2174                                                                                                                                                                                                                     
   8 00628943   1  0.03567 745.9907  0.2624                                                                                                                                                                                                                     
   9 00628775   1  0.02605 711.1302  0.1322                                                                                                                                                                                                                     
  10 00628749   1  0.02433 720.7107  0.2276                                                                                                                                                                                                                     
  11 00629055   1  0.03004 728.6153  0.1898                                                                                                                                                                                                                     
  12 00628941   1  0.01710 699.7575  0.2000                                                                                                                                                                                                                     
  13 00628939   1  0.04093 728.1083  0.2029                                                                                                                                                                                                                     
  14 00628965   1  0.02707 718.6796  0.1775                                                                                                                                                                                                                     
  15 00628973   1  0.01699 709.6416  0.1192                                                                                                                                                                                                                     
  16 00629023   1  0.03797 746.8657  0.2556                                                                                                                                                                                                                     
  17 00629059   1  0.02819 728.8542  0.2980                                                                                                                                                                                                                     
  18 00629065   1  0.02645 740.0622  0.2261                                                                                                                                                                                                                     
  19 00629061   1  0.04779 754.0180  0.2074                                                                                                                                                                                                                     
  20 00628889   1  0.02801 740.5724  0.2423                                                                                                                                                                                                                     
  21 00628975   1  0.02874 737.3982  0.1235                                                                                                                                                                                                                     
  22 00628771   1  0.02794 772.5429  0.2898                                                                                                                                                                                                                     
  23 00629031   1  0.04683 767.1601  0.1433                                                                                                                                                                                                                     
  24 00628779   1  0.02482 753.6596  0.1831                                                                                                                                                                                                                     
  25 00628781   1  0.03106 766.4207  0.2755                                                                                                                                                                                                                     
  26 00628893   4  0.02334  16.6118 16.7886 18.3799                                                                                                                                                                                                             
  27 00629077   5  0.02427  17.5396 17.1342 17.4389 16.9068                                                                                                                                                                                                     
  28 00628895   4  0.02436  17.1215 17.7588 16.8872                                                                                                                                                                                                             
  29 00629085   3  0.04029  31.1220 28.9326                                                                                                                                                                                                                     
  30 00628809   4  0.02765  19.9183 20.0494 18.3610                                                                                                                                                                                                             
  31 00629075   3  0.02482  17.5682 19.1312                                                                                                                                                                                                                     
  32 00629091   5  0.02819  19.8409 19.7041 20.7431 20.9088                                                                                                                                                                                                     
  33 00628817   5  0.02833  20.9100 20.5419 21.3167 21.0570                                                                                                                                                                                                     
  34 00629083   3  0.02603  18.6975 20.4853                                                                                                                                                                                                                     
  35 00628907   4  0.01999  16.1043 14.5186 15.6446                                                                                                                                                                                                             
