PAR File TN GSTDZALL Final Content:MA Level:16 Form:G Other:CB (18SEP07)                                                                                                                                                                                        
   1 00625259   1  0.01829 680.9324  0.2564                                                                                                                                                                                                                     
   2 00620463   1  0.02946 692.1500  0.2074                                                                                                                                                                                                                     
   3 00625357   1  0.03508 700.9943  0.3689                                                                                                                                                                                                                     
   4 00620374   1  0.01668 608.3505  0.2000                                                                                                                                                                                                                     
   5 00625255   1  0.02222 663.9606  0.1649                                                                                                                                                                                                                     
   6 00625361   1  0.01973 658.8103  0.1240                                                                                                                                                                                                                     
   7 00479474   1  0.02362 646.9372  0.1461                                                                                                                                                                                                                     
   8 00625265   1  0.03074 701.8080  0.2254                                                                                                                                                                                                                     
   9 00625369   1  0.04851 695.6341  0.3193                                                                                                                                                                                                                     
  10 00625353   1  0.04749 716.6615  0.0881                                                                                                                                                                                                                     
  11 00625251   1  0.02031 704.5365  0.2805                                                                                                                                                                                                                     
  12 00625359   1  0.01717 645.4487  0.1240                                                                                                                                                                                                                     
  13 00625365   1  0.04293 709.7869  0.1159                                                                                                                                                                                                                     
  14 00625375   1  0.03246 696.7739  0.0847                                                                                                                                                                                                                     
  15 00625399   1  0.03482 692.6925  0.1728                                                                                                                                                                                                                     
  16 00625391   1  0.04985 689.8994  0.3214                                                                                                                                                                                                                     
  17 00625387   1  0.01451 670.4865  0.1293                                                                                                                                                                                                                     
  18 00625381   1  0.02174 674.7326  0.1991                                                                                                                                                                                                                     
  19 00625395   1  0.03074 713.7618  0.2467                                                                                                                                                                                                                     
  20 00625435   1  0.02233 718.6279  0.3233                                                                                                                                                                                                                     
  21 00625267   1  0.02623 657.8901  0.2170                                                                                                                                                                                                                     
  22 00480422   1  0.04446 724.3401  0.0835                                                                                                                                                                                                                     
  23 00641494   1  0.01727 660.3344  0.1849                                                                                                                                                                                                                     
  24 00625377   1  0.02233 657.0473  0.2399                                                                                                                                                                                                                     
  25 00625405   1  0.01092 679.1047  0.2000                                                                                                                                                                                                                     
  26 00625407   1  0.01881 691.6947  0.1535                                                                                                                                                                                                                     
  27 00625411   1  0.02223 659.2624  0.0778                                                                                                                                                                                                                     
  28 00641450   1  0.01927 690.2158  0.1932                                                                                                                                                                                                                     
  29 00626159   1  0.03326 665.3879  0.2132                                                                                                                                                                                                                     
  30 00625311   1  0.02875 659.3593  0.2194                                                                                                                                                                                                                     
  31 00641480   1  0.04706 694.4361  0.1684                                                                                                                                                                                                                     
  32 00625277   1  0.02353 631.8997  0.2000                                                                                                                                                                                                                     
  33 00625281   1  0.03491 636.8369  0.1740                                                                                                                                                                                                                     
  34 00625285   1  0.04853 698.7856  0.1408                                                                                                                                                                                                                     
  35 00625283   1  0.02932 687.6520  0.2804                                                                                                                                                                                                                     
  36 00641638   1  0.02274 625.6967  0.1619                                                                                                                                                                                                                     
  37 00641262   1  0.02735 665.0359  0.2332                                                                                                                                                                                                                     
  38 00626232   1  0.02815 658.6683  0.2473                                                                                                                                                                                                                     
  39 00641544   1  0.01508 681.2714  0.0964                                                                                                                                                                                                                     
  40 00625373   1  0.01205 681.8074  0.1155                                                                                                                                                                                                                     
  41 00625291   1  0.01515 654.7418  0.1509                                                                                                                                                                                                                     
  42 00625293   1  0.02263 687.7682  0.2192                                                                                                                                                                                                                     
  43 00625299   1  0.01659 669.1303  0.1740                                                                                                                                                                                                                     
  44 00625301   1  0.00849 749.3779  0.1434                                                                                                                                                                                                                     
  45 00479529   1  0.02096 682.9311  0.1428                                                                                                                                                                                                                     
  46 00625425   1  0.03441 698.7339  0.1260                                                                                                                                                                                                                     
  47 00625317   1  0.03324 673.6283  0.1947                                                                                                                                                                                                                     
  48 00641462   1  0.03821 683.7804  0.1547                                                                                                                                                                                                                     
  49 00625321   1  0.01060 668.0938  0.2000                                                                                                                                                                                                                     
  50 00620509   1  0.02933 649.9273  0.2268                                                                                                                                                                                                                     
  51 00480065   1  0.02069 706.6192  0.2791                                                                                                                                                                                                                     
  52 00479881   1  0.02095 706.3803  0.2423                                                                                                                                                                                                                     
  53 00626260   1  0.01425 672.0526  0.1310                                                                                                                                                                                                                     
  54 00479543   1  0.03134 695.7116  0.2164                                                                                                                                                                                                                     
  55 00625419   1  0.02545 681.5652  0.1464                                                                                                                                                                                                                     
  56 00625319   1  0.02112 663.2825  0.1736                                                                                                                                                                                                                     
