PAR File TN GSTDZALL Final Content:MA Level:13 Form:G Other:MA (18SEP07)                                                                                                                                                                                        
   1 00622370   1  0.02604 593.2792  0.3823                                                                                                                                                                                                                     
   2 00641156   1  0.02143 571.5967  0.2737                                                                                                                                                                                                                     
   3 00623297   1  0.03171 616.0455  0.1630                                                                                                                                                                                                                     
   4 00641058   1  0.02126 579.3489  0.2000                                                                                                                                                                                                                     
   5 00622474   1  0.02441 616.9341  0.1846                                                                                                                                                                                                                     
   6 00623397   1  0.01390 580.6696  0.1500                                                                                                                                                                                                                     
   7 00622387   1  0.02311 563.4475  0.2000                                                                                                                                                                                                                     
   8 00514634   1  0.02567 599.4381  0.1340                                                                                                                                                                                                                     
   9 00623339   1  0.02692 586.6685  0.1554                                                                                                                                                                                                                     
  10 00623345   1  0.02590 554.8461  0.1482                                                                                                                                                                                                                     
  11 00623353   1  0.02706 602.4475  0.2206                                                                                                                                                                                                                     
  12 00623349   1  0.01496 591.7444  0.1715                                                                                                                                                                                                                     
  13 00623343   1  0.02254 607.0773  0.1591                                                                                                                                                                                                                     
  14 00640988   1  0.01876 590.9396  0.2000                                                                                                                                                                                                                     
  15 00641134   1  0.00904 585.9871  0.2000                                                                                                                                                                                                                     
  16 00624496   1  0.01958 587.8564  0.2000                                                                                                                                                                                                                     
  17 00641126   1  0.02184 580.5589  0.1902                                                                                                                                                                                                                     
  18 00622380   1  0.01728 588.4363  0.2000                                                                                                                                                                                                                     
  19 00623452   1  0.03709 614.5736  0.1506                                                                                                                                                                                                                     
  20 00623363   1  0.01715 597.4768  0.2000                                                                                                                                                                                                                     
  21 00623365   1  0.02533 576.7821  0.2000                                                                                                                                                                                                                     
  22 00514520   1  0.02706 588.3271  0.0951                                                                                                                                                                                                                     
  23 00623426   1  0.01966 617.0033  0.2265                                                                                                                                                                                                                     
  24 00623416   1  0.02756 622.3975  0.1360                                                                                                                                                                                                                     
  25 00623424   1  0.02645 597.7411  0.2083                                                                                                                                                                                                                     
  26 00641070   1  0.03486 601.9477  0.1272                                                                                                                                                                                                                     
  27 00623442   1  0.03097 598.8667  0.2200                                                                                                                                                                                                                     
  28 00622403   1  0.02405 593.6364  0.1264                                                                                                                                                                                                                     
  29 00623438   1  0.01233 549.5951  0.2000                                                                                                                                                                                                                     
  30 00641128   1  0.00729 494.1873  0.2000                                                                                                                                                                                                                     
  31 00622520   3  0.02655  15.1076 15.5218                                                                                                                                                                                                                     
  32 00624546   3  0.02458  13.3341 14.0840                                                                                                                                                                                                                     
  33 00623480   4  0.03008  18.9127 19.4761 18.8152                                                                                                                                                                                                             
  34 00623484   3  0.03142  18.4964 19.1005                                                                                                                                                                                                                     
  35 00514604   3  0.03250  17.8068 18.4575                                                                                                                                                                                                                     
  36 00623378   5  0.01967  11.4507 10.3465 12.3477 11.2658                                                                                                                                                                                                     
  37 00623380   3  0.02951  17.5977 18.2249                                                                                                                                                                                                                     
  38 00623476   4  0.02196  14.0212 11.9542 13.2381                                                                                                                                                                                                             
