PAR File TN GSTDZALL Final Content:MA Level:19 Form:G Other:MA (18SEP07)                                                                                                                                                                                        
   1 00628829   1  0.02006 690.4709  0.1550                                                                                                                                                                                                                     
   2 00629005   1  0.02631 720.8140  0.1528                                                                                                                                                                                                                     
   3 00628743   1  0.01886 708.5469  0.2503                                                                                                                                                                                                                     
   4 00629003   1  0.02097 721.5115  0.2190                                                                                                                                                                                                                     
   5 00628885   1  0.02438 679.9152  0.1200                                                                                                                                                                                                                     
   6 00628881   1  0.01151 704.0134  0.1824                                                                                                                                                                                                                     
   7 00628891   1  0.02309 677.9584  0.1154                                                                                                                                                                                                                     
   8 00627798   1  0.03109 681.1455  0.2429                                                                                                                                                                                                                     
   9 00628857   1  0.02609 687.3646  0.1859                                                                                                                                                                                                                     
  10 00628753   1  0.02778 717.8853  0.2420                                                                                                                                                                                                                     
  11 00629039   1  0.01639 698.3013  0.1393                                                                                                                                                                                                                     
  12 00628765   1  0.01988 705.3664  0.1953                                                                                                                                                                                                                     
  13 00628873   1  0.02155 706.3770  0.1283                                                                                                                                                                                                                     
  14 00515008   1  0.02267 739.7038  0.2471                                                                                                                                                                                                                     
  15 00628747   1  0.02070 725.4638  0.1942                                                                                                                                                                                                                     
  16 00629041   1  0.02145 721.9345  0.2336                                                                                                                                                                                                                     
  17 00628755   1  0.01728 706.2899  0.1249                                                                                                                                                                                                                     
  18 00628787   1  0.02793 732.1026  0.2096                                                                                                                                                                                                                     
  19 00480771   1  0.01744 736.7201  0.1356                                                                                                                                                                                                                     
  20 00629029   1  0.03410 763.1368  0.1602                                                                                                                                                                                                                     
  21 00628761   1  0.02771 748.2284  0.2248                                                                                                                                                                                                                     
  22 00628931   1  0.01702 728.2343  0.1989                                                                                                                                                                                                                     
  23 00515006   1  0.04003 759.9497  0.1585                                                                                                                                                                                                                     
  24 00628865   1  0.01006 794.3549  0.2270                                                                                                                                                                                                                     
  25 00628871   1  0.01698 784.1189  0.1909                                                                                                                                                                                                                     
  26 00628901   3  0.02698  17.6300 19.8595                                                                                                                                                                                                                     
  27 00515066   4  0.02149  14.9413 16.3112 15.3252                                                                                                                                                                                                             
  28 00628815   4  0.02756  19.8942 19.3314 19.6206                                                                                                                                                                                                             
  29 00627666   4  0.02418  16.2851 15.1540 16.9824                                                                                                                                                                                                             
  30 00628803   3  0.02055  15.5248 13.9302                                                                                                                                                                                                                     
  31 00627670   4  0.01880  15.9675 12.4678 12.1079                                                                                                                                                                                                             
  32 00515048   4  0.02737  20.4137 18.7194 20.9637                                                                                                                                                                                                             
  33 00627902   3  0.03062  23.7843 20.8304                                                                                                                                                                                                                     
  34 00628811   4  0.03420  23.6875 26.5316 24.0024                                                                                                                                                                                                             
  35 00515032   4  0.02981  21.9513 21.6056 22.3059                                                                                                                                                                                                             
