PAR File TN GSTDZALL Final Content:MA Level:13 Form:G Other:CB (18SEP07)                                                                                                                                                                                        
   1 00514634   1  0.02567 599.4381  0.1340                                                                                                                                                                                                                     
   2 00623405   1  0.03227 594.1408  0.2759                                                                                                                                                                                                                     
   3 00623297   1  0.03171 616.0455  0.1630                                                                                                                                                                                                                     
   4 00643222   1  0.01946 548.8350  0.2000                                                                                                                                                                                                                     
   5 00622474   1  0.02441 616.9341  0.1846                                                                                                                                                                                                                     
   6 00641184   1  0.01620 566.3590  0.2000                                                                                                                                                                                                                     
   7 00641156   1  0.02143 571.5967  0.2737                                                                                                                                                                                                                     
   8 00623403   1  0.01204 563.8928  0.1500                                                                                                                                                                                                                     
   9 00641058   1  0.02126 579.3489  0.2000                                                                                                                                                                                                                     
  10 00623397   1  0.01390 580.6696  0.1500                                                                                                                                                                                                                     
  11 00622370   1  0.02604 593.2792  0.3823                                                                                                                                                                                                                     
  12 00622391   1  0.03489 615.1773  0.2667                                                                                                                                                                                                                     
  13 00622387   1  0.02311 563.4475  0.2000                                                                                                                                                                                                                     
  14 00623339   1  0.02692 586.6685  0.1554                                                                                                                                                                                                                     
  15 00623345   1  0.02590 554.8461  0.1482                                                                                                                                                                                                                     
  16 00623353   1  0.02706 602.4475  0.2206                                                                                                                                                                                                                     
  17 00623349   1  0.01496 591.7444  0.1715                                                                                                                                                                                                                     
  18 00623337   1  0.03581 629.6459  0.1608                                                                                                                                                                                                                     
  19 00623343   1  0.02254 607.0773  0.1591                                                                                                                                                                                                                     
  20 00623313   1  0.02409 650.7863  0.1714                                                                                                                                                                                                                     
  21 00641138   1  0.02689 592.2039  0.2062                                                                                                                                                                                                                     
  22 00640988   1  0.01876 590.9396  0.2000                                                                                                                                                                                                                     
  23 00623321   1  0.03071 578.4136  0.1840                                                                                                                                                                                                                     
  24 00641134   1  0.00904 585.9871  0.2000                                                                                                                                                                                                                     
  25 00623407   1  0.02575 576.9730  0.2000                                                                                                                                                                                                                     
  26 00641126   1  0.02184 580.5589  0.1902                                                                                                                                                                                                                     
  27 00623363   1  0.01715 597.4768  0.2000                                                                                                                                                                                                                     
  28 00623365   1  0.02533 576.7821  0.2000                                                                                                                                                                                                                     
  29 00623361   1  0.02193 598.9662  0.1430                                                                                                                                                                                                                     
  30 00514458   1  0.01664 604.0350  0.1727                                                                                                                                                                                                                     
  31 00514520   1  0.02706 588.3271  0.0951                                                                                                                                                                                                                     
  32 00623426   1  0.01966 617.0033  0.2265                                                                                                                                                                                                                     
  33 00623416   1  0.02756 622.3975  0.1360                                                                                                                                                                                                                     
  34 00623424   1  0.02645 597.7411  0.2083                                                                                                                                                                                                                     
  35 00641070   1  0.03486 601.9477  0.1272                                                                                                                                                                                                                     
  36 00623438   1  0.01233 549.5951  0.2000                                                                                                                                                                                                                     
  37 00641128   1  0.00729 494.1873  0.2000                                                                                                                                                                                                                     
  38 00622380   1  0.01728 588.4363  0.2000                                                                                                                                                                                                                     
  39 00623452   1  0.03709 614.5736  0.1506                                                                                                                                                                                                                     
  40 00623442   1  0.03097 598.8667  0.2200                                                                                                                                                                                                                     
  41 00622403   1  0.02405 593.6364  0.1264                                                                                                                                                                                                                     
  42 00622508   1  0.02484 570.1072  0.1798                                                                                                                                                                                                                     
  43 00622504   1  0.03676 589.3622  0.1600                                                                                                                                                                                                                     
  44 00623432   1  0.02834 619.4119  0.2099                                                                                                                                                                                                                     
  45 00624496   1  0.01958 587.8564  0.2000                                                                                                                                                                                                                     
  46 00641142   1  0.01587 628.9651  0.1544                                                                                                                                                                                                                     
  47 00821001   1  0.01208 597.6423  0.2000                                                                                                                                                                                                                     
  48 00622465   1  0.01840 574.9240  0.2000                                                                                                                                                                                                                     
  49 00623357   1  0.03132 624.7024  0.3150                                                                                                                                                                                                                     
  50 00623323   1  0.03417 604.7903  0.1473                                                                                                                                                                                                                     
