PAR File TN GSTDZALL Final Content:MA Level:10 Form:G Other:CB (18SEP07)                                                                                                                                                                                        
   1 00621542   1  0.01114 447.7196  0.2000                                                                                                                                                                                                                     
   2 00621538   1  0.02872 459.1439  0.1402                                                                                                                                                                                                                     
   3 00621528   1  0.02652 466.0927  0.1955                                                                                                                                                                                                                     
   4 00621840   1  0.01800 525.2161  0.1878                                                                                                                                                                                                                     
   5 00621568   1  0.03471 467.4812  0.3327                                                                                                                                                                                                                     
   6 00621566   1  0.03033 462.6861  0.2363                                                                                                                                                                                                                     
   7 00621550   1  0.01930 436.3535  0.1777                                                                                                                                                                                                                     
   8 00621548   1  0.01349 515.4419  0.2028                                                                                                                                                                                                                     
   9 00621554   1  0.01849 405.4808  0.2000                                                                                                                                                                                                                     
  10 00621552   1  0.02091 429.3239  0.2000                                                                                                                                                                                                                     
  11 00621576   1  0.02563 527.1406  0.1361                                                                                                                                                                                                                     
  12 00621578   1  0.01964 438.5718  0.2000                                                                                                                                                                                                                     
  13 00621558   1  0.02098 407.2019  0.2000                                                                                                                                                                                                                     
  14 00621826   1  0.03726 532.8656  0.1801                                                                                                                                                                                                                     
  15 00621615   1  0.01151 345.3887  0.2000                                                                                                                                                                                                                     
  16 00621589   1  0.02614 460.4516  0.2248                                                                                                                                                                                                                     
  17 00621605   1  0.02709 431.1903  0.1508                                                                                                                                                                                                                     
  18 00621607   1  0.02243 483.6296  0.0958                                                                                                                                                                                                                     
  19 00621595   1  0.04049 491.4018  0.2335                                                                                                                                                                                                                     
  20 00621597   1  0.03353 501.3892  0.2381                                                                                                                                                                                                                     
  21 00621603   1  0.02763 500.5981  0.2970                                                                                                                                                                                                                     
  22 00621560   1  0.01886 418.2516  0.2000                                                                                                                                                                                                                     
  23 00621930   1  0.02065 381.5570  0.2000                                                                                                                                                                                                                     
  24 00621794   1  0.04219 529.7529  0.1762                                                                                                                                                                                                                     
  25 00621611   1  0.02653 417.1796  0.2000                                                                                                                                                                                                                     
  26 00621609   1  0.01504 431.0320  0.2000                                                                                                                                                                                                                     
  27 00621613   1  0.02754 429.3433  0.1551                                                                                                                                                                                                                     
  28 00621564   1  0.01159 372.0379  0.2000                                                                                                                                                                                                                     
  29 00621887   1  0.02059 551.5520  0.1327                                                                                                                                                                                                                     
  30 00621889   1  0.02049 512.3162  0.2389                                                                                                                                                                                                                     
