PAR File TN GSTDZALL Final Content:MA Level:15 Form:G Other:SV (18SEP07)                                                                                                                                                                                        
   1 00620368   1  0.02271 607.5141  0.2000                                                                                                                                                                                                                     
   2 00619448   1  0.02432 624.3664  0.1500                                                                                                                                                                                                                     
   3 00620358   1  0.01906 634.4474  0.0958                                                                                                                                                                                                                     
   4 00620372   1  0.02502 605.1569  0.1769                                                                                                                                                                                                                     
   5 00620366   1  0.02206 647.9382  0.1169                                                                                                                                                                                                                     
   6 00620370   1  0.01865 621.9769  0.2000                                                                                                                                                                                                                     
   7 00514876   1  0.03050 662.9370  0.3191                                                                                                                                                                                                                     
   8 00620360   1  0.01850 610.3492  0.1500                                                                                                                                                                                                                     
   9 00620404   1  0.01561 664.4740  0.1487                                                                                                                                                                                                                     
  10 00620412   1  0.01877 606.9975  0.2000                                                                                                                                                                                                                     
  11 00620408   1  0.02162 680.7063  0.2192                                                                                                                                                                                                                     
  12 00483869   1  0.02642 672.7080  0.2091                                                                                                                                                                                                                     
  13 00620392   1  0.03085 681.5168  0.1893                                                                                                                                                                                                                     
  14 00514860   1  0.01980 678.7237  0.2870                                                                                                                                                                                                                     
  15 00620430   1  0.02521 656.2530  0.1721                                                                                                                                                                                                                     
  16 00620497   1  0.01108 657.3250  0.1456                                                                                                                                                                                                                     
  17 00625403   1  0.02637 695.2660  0.1680                                                                                                                                                                                                                     
  18 00625307   1  0.02775 706.7710  0.1780                                                                                                                                                                                                                     
  19 00620489   1  0.02533 615.9257  0.2000                                                                                                                                                                                                                     
  20 00620487   1  0.03344 623.3202  0.2116                                                                                                                                                                                                                     
  21 00620434   1  0.02618 612.4061  0.1713                                                                                                                                                                                                                     
  22 00641268   1  0.03810 626.8430  0.3164                                                                                                                                                                                                                     
  23 00620537   1  0.01635 598.4148  0.0000                                                                                                                                                                                                                     
  24 00620511   1  0.04187 672.1010  0.1678                                                                                                                                                                                                                     
  25 00620503   1  0.03411 646.8501  0.2388                                                                                                                                                                                                                     
  26 00620507   1  0.03867 683.2185  0.2665                                                                                                                                                                                                                     
  27 00620523   1  0.03022 619.9620  0.1234                                                                                                                                                                                                                     
  28 00620422   1  0.02228 612.8323  0.1383                                                                                                                                                                                                                     
  29 00624337   1  0.02210 666.9346  0.2094                                                                                                                                                                                                                     
  30 00620499   1  0.03770 643.8664  0.1812                                                                                                                                                                                                                     
  31 00624502   1  0.03677 667.5739  0.2447                                                                                                                                                                                                                     
  32 00641536   1  0.02502 711.5532  0.1721                                                                                                                                                                                                                     
