PAR File TN GSTDZALL Final Content:MA Level:16 Form:G Other:MA (18SEP07)                                                                                                                                                                                        
   1 00620374   1  0.01668 608.3505  0.2000                                                                                                                                                                                                                     
   2 00625259   1  0.01829 680.9324  0.2564                                                                                                                                                                                                                     
   3 00625255   1  0.02222 663.9606  0.1649                                                                                                                                                                                                                     
   4 00620463   1  0.02946 692.1500  0.2074                                                                                                                                                                                                                     
   5 00625361   1  0.01973 658.8103  0.1240                                                                                                                                                                                                                     
   6 00625357   1  0.03508 700.9943  0.3689                                                                                                                                                                                                                     
   7 00479474   1  0.02362 646.9372  0.1461                                                                                                                                                                                                                     
   8 00625265   1  0.03074 701.8080  0.2254                                                                                                                                                                                                                     
   9 00625359   1  0.01717 645.4487  0.1240                                                                                                                                                                                                                     
  10 00625399   1  0.03482 692.6925  0.1728                                                                                                                                                                                                                     
  11 00625381   1  0.02174 674.7326  0.1991                                                                                                                                                                                                                     
  12 00641494   1  0.01727 660.3344  0.1849                                                                                                                                                                                                                     
  13 00480422   1  0.04446 724.3401  0.0835                                                                                                                                                                                                                     
  14 00625377   1  0.02233 657.0473  0.2399                                                                                                                                                                                                                     
  15 00479529   1  0.02096 682.9311  0.1428                                                                                                                                                                                                                     
  16 00625405   1  0.01092 679.1047  0.2000                                                                                                                                                                                                                     
  17 00479881   1  0.02095 706.3803  0.2423                                                                                                                                                                                                                     
  18 00625317   1  0.03324 673.6283  0.1947                                                                                                                                                                                                                     
  19 00479543   1  0.03134 695.7116  0.2164                                                                                                                                                                                                                     
  20 00625277   1  0.02353 631.8997  0.2000                                                                                                                                                                                                                     
  21 00625285   1  0.04853 698.7856  0.1408                                                                                                                                                                                                                     
  22 00625281   1  0.03491 636.8369  0.1740                                                                                                                                                                                                                     
  23 00625301   1  0.00849 749.3779  0.1434                                                                                                                                                                                                                     
  24 00625291   1  0.01515 654.7418  0.1509                                                                                                                                                                                                                     
  25 00625293   1  0.02263 687.7682  0.2192                                                                                                                                                                                                                     
  26 00625299   1  0.01659 669.1303  0.1740                                                                                                                                                                                                                     
  27 00626232   1  0.02815 658.6683  0.2473                                                                                                                                                                                                                     
  28 00641544   1  0.01508 681.2714  0.0964                                                                                                                                                                                                                     
  29 00625373   1  0.01205 681.8074  0.1155                                                                                                                                                                                                                     
  30 00641638   1  0.02274 625.6967  0.1619                                                                                                                                                                                                                     
  31 00641262   1  0.02735 665.0359  0.2332                                                                                                                                                                                                                     
  32 00625443   3  0.04079  23.1272 27.3000                                                                                                                                                                                                                     
  33 00641522   3  0.02448  16.5662 16.5892                                                                                                                                                                                                                     
  34 00514904   3  0.03107  23.5274 19.1317                                                                                                                                                                                                                     
  35 00620453   4  0.03110  20.6190 20.7314 20.2601                                                                                                                                                                                                             
  36 00625346   4  0.02288  14.7490 13.7661 16.1602                                                                                                                                                                                                             
  37 00620558   3  0.03244  21.1187 21.9139                                                                                                                                                                                                                     
  38 00625449   3  0.02425  18.6688 14.5131                                                                                                                                                                                                                     
  39 00625334   3  0.01775  12.5746 11.9955                                                                                                                                                                                                                     
  40 00620548   4  0.03700  24.2914 23.7896 25.4660                                                                                                                                                                                                             
  41 00620449   3  0.02509  17.6972 17.8836                                                                                                                                                                                                                     
  42 00620461   3  0.02854  18.4775 19.5461                                                                                                                                                                                                                     
