PAR File TN GSTDZALL Final Content:MA Level:18 Form:G Other:CB (18SEP07)                                                                                                                                                                                        
   1 00628741   1  0.02050 670.8255  0.2000                                                                                                                                                                                                                     
   2 00480550   1  0.02075 667.6966  0.0948                                                                                                                                                                                                                     
   3 00627572   1  0.02217 719.7646  0.2438                                                                                                                                                                                                                     
   4 00627574   1  0.02672 710.1227  0.1086                                                                                                                                                                                                                     
   5 00628735   1  0.02532 656.1173  0.1468                                                                                                                                                                                                                     
   6 00626223   1  0.02748 722.1540  0.2600                                                                                                                                                                                                                     
   7 00480446   1  0.01467 692.8894  0.1150                                                                                                                                                                                                                     
   8 00627576   1  0.03485 706.2414  0.2805                                                                                                                                                                                                                     
   9 00627580   1  0.03142 706.3964  0.2681                                                                                                                                                                                                                     
  10 00627641   1  0.02046 670.3638  0.1118                                                                                                                                                                                                                     
  11 00627824   1  0.02501 665.7818  0.1773                                                                                                                                                                                                                     
  12 00627834   1  0.03024 649.3590  0.1308                                                                                                                                                                                                                     
  13 00627832   1  0.02719 703.5161  0.1926                                                                                                                                                                                                                     
  14 00627836   1  0.02279 676.4699  0.1291                                                                                                                                                                                                                     
  15 00627838   1  0.01536 746.6784  0.2837                                                                                                                                                                                                                     
  16 00627820   1  0.03310 706.3480  0.4159                                                                                                                                                                                                                     
  17 00627822   1  0.04346 742.6583  0.2644                                                                                                                                                                                                                     
  18 00627800   1  0.02612 717.2491  0.3068                                                                                                                                                                                                                     
  19 00627611   1  0.02927 693.5514  0.2264                                                                                                                                                                                                                     
  20 00627806   1  0.01620 642.8945  0.2000                                                                                                                                                                                                                     
  21 00627651   1  0.03365 679.2694  0.2409                                                                                                                                                                                                                     
  22 00627593   1  0.03946 708.1950  0.1995                                                                                                                                                                                                                     
  23 00627597   1  0.02222 656.3724  0.1310                                                                                                                                                                                                                     
  24 00627595   1  0.02230 652.8625  0.1722                                                                                                                                                                                                                     
  25 00627599   1  0.01507 690.5581  0.2000                                                                                                                                                                                                                     
  26 00627649   1  0.02149 694.3941  0.2009                                                                                                                                                                                                                     
  27 00627615   1  0.03022 717.4720  0.1219                                                                                                                                                                                                                     
  28 00627818   1  0.02182 675.1266  0.1231                                                                                                                                                                                                                     
  29 00627621   1  0.01825 757.1372  0.2286                                                                                                                                                                                                                     
  30 00627629   1  0.03196 708.3338  0.1250                                                                                                                                                                                                                     
  31 00627627   1  0.03320 674.9425  0.3229                                                                                                                                                                                                                     
  32 00627623   1  0.04845 731.8572  0.2605                                                                                                                                                                                                                     
  33 00627625   1  0.04239 753.1720  0.1208                                                                                                                                                                                                                     
  34 00627635   1  0.02665 684.9396  0.2385                                                                                                                                                                                                                     
  35 00627631   1  0.01786 696.8224  0.1407                                                                                                                                                                                                                     
  36 00627643   1  0.03678 760.1305  0.2499                                                                                                                                                                                                                     
  37 00626290   1  0.03349 705.4987  0.1642                                                                                                                                                                                                                     
  38 00627617   1  0.02134 673.0406  0.1939                                                                                                                                                                                                                     
  39 00627802   1  0.02385 723.7944  0.1495                                                                                                                                                                                                                     
  40 00627858   1  0.03488 750.1044  0.2242                                                                                                                                                                                                                     
  41 00627647   1  0.04238 719.9615  0.1594                                                                                                                                                                                                                     
  42 00627788   1  0.02183 677.7938  0.1310                                                                                                                                                                                                                     
  43 00627794   1  0.03269 729.2902  0.1877                                                                                                                                                                                                                     
  44 00627796   1  0.04588 756.1556  0.1748                                                                                                                                                                                                                     
  45 00627790   1  0.02226 692.6957  0.2012                                                                                                                                                                                                                     
  46 00480432   1  0.02310 712.2668  0.2230                                                                                                                                                                                                                     
  47 00627804   1  0.03075 735.2380  0.2880                                                                                                                                                                                                                     
  48 00627609   1  0.02175 740.9792  0.2551                                                                                                                                                                                                                     
  49 00627814   1  0.03787 718.2921  0.2713                                                                                                                                                                                                                     
  50 00480406   1  0.01614 692.2146  0.1438                                                                                                                                                                                                                     
  51 00626256   1  0.02738 672.9535  0.2434                                                                                                                                                                                                                     
  52 00627589   1  0.02485 704.0392  0.2306                                                                                                                                                                                                                     
  53 00627810   1  0.04379 744.9767  0.3061                                                                                                                                                                                                                     
  54 00627840   1  0.01397 730.0587  0.1856                                                                                                                                                                                                                     
  55 00627860   1  0.01833 690.2319  0.1750                                                                                                                                                                                                                     
  56 00627639   1  0.02848 674.1934  0.1824                                                                                                                                                                                                                     
