PAR File TN GSTDZALL Final Content:MA Level:20 Form:G Other:CB (18SEP07)                                                                                                                                                                                        
   1 00629009   1  0.01239 701.7951  0.1092                                                                                                                                                                                                                     
   2 00628915   1  0.02780 715.9382  0.1160                                                                                                                                                                                                                     
   3 00628739   1  0.02431 779.1592  0.1250                                                                                                                                                                                                                     
   4 00628913   1  0.02273 686.4604  0.1441                                                                                                                                                                                                                     
   5 00629007   1  0.01882 703.5807  0.2164                                                                                                                                                                                                                     
   6 00628921   1  0.02413 737.6985  0.2255                                                                                                                                                                                                                     
   7 00628919   1  0.01991 738.9030  0.1473                                                                                                                                                                                                                     
   8 00628917   1  0.01329 728.3021  0.1446                                                                                                                                                                                                                     
   9 00628789   1  0.03377 701.8693  0.2102                                                                                                                                                                                                                     
  10 00628749   1  0.02433 720.7107  0.2276                                                                                                                                                                                                                     
  11 00628775   1  0.02605 711.1302  0.1322                                                                                                                                                                                                                     
  12 00629067   1  0.01528 718.6183  0.1849                                                                                                                                                                                                                     
  13 00628977   1  0.03027 739.1032  0.1687                                                                                                                                                                                                                     
  14 00628941   1  0.01710 699.7575  0.2000                                                                                                                                                                                                                     
  15 00628929   1  0.04732 718.9960  0.2485                                                                                                                                                                                                                     
  16 00628939   1  0.04093 728.1083  0.2029                                                                                                                                                                                                                     
  17 00629055   1  0.03004 728.6153  0.1898                                                                                                                                                                                                                     
  18 00629057   1  0.02751 724.4660  0.2627                                                                                                                                                                                                                     
  19 00629023   1  0.03797 746.8657  0.2556                                                                                                                                                                                                                     
  20 00629017   1  0.02369 672.0332  0.1444                                                                                                                                                                                                                     
  21 00629015   1  0.02107 695.4856  0.1096                                                                                                                                                                                                                     
  22 00629019   1  0.02612 758.9616  0.2335                                                                                                                                                                                                                     
  23 00628953   1  0.01419 736.4683  0.1644                                                                                                                                                                                                                     
  24 00629059   1  0.02819 728.8542  0.2980                                                                                                                                                                                                                     
  25 00628759   1  0.03135 721.6374  0.2400                                                                                                                                                                                                                     
  26 00629033   1  0.02802 750.5856  0.2539                                                                                                                                                                                                                     
  27 00628965   1  0.02707 718.6796  0.1775                                                                                                                                                                                                                     
  28 00628889   1  0.02801 740.5724  0.2423                                                                                                                                                                                                                     
  29 00629061   1  0.04779 754.0180  0.2074                                                                                                                                                                                                                     
  30 00629045   1  0.01286 697.8524  0.2000                                                                                                                                                                                                                     
  31 00629049   1  0.01842 732.2544  0.2174                                                                                                                                                                                                                     
  32 00629047   1  0.01874 771.9423  0.1459                                                                                                                                                                                                                     
  33 00629053   1  0.02855 735.7837  0.2624                                                                                                                                                                                                                     
  34 00628943   1  0.03567 745.9907  0.2624                                                                                                                                                                                                                     
  35 00628975   1  0.02874 737.3982  0.1235                                                                                                                                                                                                                     
  36 00629065   1  0.02645 740.0622  0.2261                                                                                                                                                                                                                     
  37 00628973   1  0.01699 709.6416  0.1192                                                                                                                                                                                                                     
  38 00629071   1  0.01918 741.5669  0.1923                                                                                                                                                                                                                     
  39 00628853   1  0.03471 752.5811  0.2503                                                                                                                                                                                                                     
  40 00629031   1  0.04683 767.1601  0.1433                                                                                                                                                                                                                     
  41 00629035   1  0.02728 757.8089  0.2503                                                                                                                                                                                                                     
  42 00628793   1  0.01788 768.1999  0.2932                                                                                                                                                                                                                     
  43 00628771   1  0.02794 772.5429  0.2898                                                                                                                                                                                                                     
  44 00628979   1  0.04783 771.2319  0.1540                                                                                                                                                                                                                     
  45 00628779   1  0.02482 753.6596  0.1831                                                                                                                                                                                                                     
  46 00628781   1  0.03106 766.4207  0.2755                                                                                                                                                                                                                     
