PAR File TN GSTDZALL Final Content:MA Level:12 Form:G Other:CB (18SEP07)                                                                                                                                                                                        
   1 00478998   1  0.01518 480.4942  0.2000                                                                                                                                                                                                                     
   2 00622441   1  0.01379 542.6819  0.2000                                                                                                                                                                                                                     
   3 00622350   1  0.01890 510.8308  0.2000                                                                                                                                                                                                                     
   4 00622439   1  0.03503 569.5731  0.1534                                                                                                                                                                                                                     
   5 00622348   1  0.02695 550.0666  0.3068                                                                                                                                                                                                                     
   6 00622496   1  0.01038 518.5675  0.2000                                                                                                                                                                                                                     
   7 00623359   1  0.00914 469.0828  0.2000                                                                                                                                                                                                                     
   8 00622488   1  0.02012 479.8225  0.2000                                                                                                                                                                                                                     
   9 00622490   1  0.02121 476.4708  0.2000                                                                                                                                                                                                                     
  10 00622494   1  0.02360 488.0436  0.2000                                                                                                                                                                                                                     
  11 00622358   1  0.02454 542.1297  0.2221                                                                                                                                                                                                                     
  12 00623422   1  0.01588 466.7805  0.2000                                                                                                                                                                                                                     
  13 00622405   1  0.03086 552.0945  0.2199                                                                                                                                                                                                                     
  14 00623327   1  0.02406 507.1885  0.2000                                                                                                                                                                                                                     
  15 00622385   1  0.02457 548.3391  0.1571                                                                                                                                                                                                                     
  16 00622393   1  0.02190 482.5575  0.2000                                                                                                                                                                                                                     
  17 00622395   1  0.03701 577.9492  0.2568                                                                                                                                                                                                                     
  18 00622401   1  0.01119 566.1375  0.2000                                                                                                                                                                                                                     
  19 00622368   1  0.02579 558.4621  0.1790                                                                                                                                                                                                                     
  20 00622502   1  0.01994 528.4387  0.1543                                                                                                                                                                                                                     
  21 00622467   1  0.01364 576.9224  0.2000                                                                                                                                                                                                                     
  22 00622362   1  0.04293 545.5525  0.3479                                                                                                                                                                                                                     
  23 00622382   1  0.03255 553.1891  0.1148                                                                                                                                                                                                                     
  24 00479046   1  0.02651 506.7623  0.2102                                                                                                                                                                                                                     
  25 00622407   1  0.03298 582.8283  0.0946                                                                                                                                                                                                                     
  26 00622415   1  0.02291 495.0345  0.1928                                                                                                                                                                                                                     
  27 00622411   1  0.03193 592.1343  0.1988                                                                                                                                                                                                                     
  28 00622413   1  0.01745 496.4746  0.2000                                                                                                                                                                                                                     
  29 00622500   1  0.01608 492.1509  0.2000                                                                                                                                                                                                                     
  30 00623335   1  0.00642 466.6772  0.2000                                                                                                                                                                                                                     
  31 00622486   1  0.01573 457.2162  0.2000                                                                                                                                                                                                                     
  32 00623430   1  0.02290 560.3252  0.2695                                                                                                                                                                                                                     
  33 00514482   1  0.03209 536.9988  0.1914                                                                                                                                                                                                                     
  34 00622482   1  0.02084 471.3431  0.2000                                                                                                                                                                                                                     
  35 00622498   1  0.02074 537.7027  0.2964                                                                                                                                                                                                                     
  36 00479056   1  0.02852 569.8024  0.1875                                                                                                                                                                                                                     
  37 00622492   1  0.02700 565.7209  0.1566                                                                                                                                                                                                                     
  38 00622449   1  0.02530 576.0150  0.2516                                                                                                                                                                                                                     
  39 00622451   1  0.02883 591.6241  0.2660                                                                                                                                                                                                                     
  40 00622453   1  0.02217 518.8130  0.1598                                                                                                                                                                                                                     
  41 00622455   1  0.02461 534.3607  0.1458                                                                                                                                                                                                                     
  42 00622459   1  0.01601 542.6302  0.2000                                                                                                                                                                                                                     
  43 00622461   1  0.03226 537.7512  0.1767                                                                                                                                                                                                                     
  44 00622447   1  0.02804 498.0116  0.2000                                                                                                                                                                                                                     
  45 00621873   1  0.02263 574.0324  0.1207                                                                                                                                                                                                                     
  46 00622469   1  0.02851 539.6175  0.2450                                                                                                                                                                                                                     
  47 00621828   1  0.01252 469.8772  0.2000                                                                                                                                                                                                                     
