PAR File TN GSTDZALL Final Content:MA Level:19 Form:G Other:SV (18SEP07)                                                                                                                                                                                        
   1 00628829   1  0.02006 690.4709  0.1550                                                                                                                                                                                                                     
   2 00629005   1  0.02631 720.8140  0.1528                                                                                                                                                                                                                     
   3 00628743   1  0.01886 708.5469  0.2503                                                                                                                                                                                                                     
   4 00629003   1  0.02097 721.5115  0.2190                                                                                                                                                                                                                     
   5 00628885   1  0.02438 679.9152  0.1200                                                                                                                                                                                                                     
   6 00628881   1  0.01151 704.0134  0.1824                                                                                                                                                                                                                     
   7 00628891   1  0.02309 677.9584  0.1154                                                                                                                                                                                                                     
   8 00627798   1  0.03109 681.1455  0.2429                                                                                                                                                                                                                     
   9 00628857   1  0.02609 687.3646  0.1859                                                                                                                                                                                                                     
  10 00628753   1  0.02778 717.8853  0.2420                                                                                                                                                                                                                     
  11 00629039   1  0.01639 698.3013  0.1393                                                                                                                                                                                                                     
  12 00628765   1  0.01988 705.3664  0.1953                                                                                                                                                                                                                     
  13 00628873   1  0.02155 706.3770  0.1283                                                                                                                                                                                                                     
  14 00515008   1  0.02267 739.7038  0.2471                                                                                                                                                                                                                     
  15 00628747   1  0.02070 725.4638  0.1942                                                                                                                                                                                                                     
  16 00629041   1  0.02145 721.9345  0.2336                                                                                                                                                                                                                     
  17 00628755   1  0.01728 706.2899  0.1249                                                                                                                                                                                                                     
  18 00628787   1  0.02793 732.1026  0.2096                                                                                                                                                                                                                     
  19 00480771   1  0.01744 736.7201  0.1356                                                                                                                                                                                                                     
  20 00629029   1  0.03410 763.1368  0.1602                                                                                                                                                                                                                     
  21 00628761   1  0.02771 748.2284  0.2248                                                                                                                                                                                                                     
  22 00628931   1  0.01702 728.2343  0.1989                                                                                                                                                                                                                     
  23 00515006   1  0.04003 759.9497  0.1585                                                                                                                                                                                                                     
  24 00628865   1  0.01006 794.3549  0.2270                                                                                                                                                                                                                     
  25 00628871   1  0.01698 784.1189  0.1909                                                                                                                                                                                                                     
