PAR File TN GSTDZALL Final Content:MA Level:19 Form:G Other:CB (18SEP07)                                                                                                                                                                                        
   1 00628829   1  0.02006 690.4709  0.1550                                                                                                                                                                                                                     
   2 00629003   1  0.02097 721.5115  0.2190                                                                                                                                                                                                                     
   3 00628743   1  0.01886 708.5469  0.2503                                                                                                                                                                                                                     
   4 00629005   1  0.02631 720.8140  0.1528                                                                                                                                                                                                                     
   5 00514984   1  0.02277 707.0390  0.1941                                                                                                                                                                                                                     
   6 00480736   1  0.03185 704.7593  0.1447                                                                                                                                                                                                                     
   7 00627846   1  0.01363 710.1970  0.1969                                                                                                                                                                                                                     
   8 00627852   1  0.01089 663.3181  0.2000                                                                                                                                                                                                                     
   9 00628923   1  0.01365 718.8895  0.2000                                                                                                                                                                                                                     
  10 00627798   1  0.03109 681.1455  0.2429                                                                                                                                                                                                                     
  11 00628797   1  0.02900 700.3775  0.1834                                                                                                                                                                                                                     
  12 00628851   1  0.01117 697.9493  0.2000                                                                                                                                                                                                                     
  13 00628885   1  0.02438 679.9152  0.1200                                                                                                                                                                                                                     
  14 00628883   1  0.02860 757.0791  0.2254                                                                                                                                                                                                                     
  15 00628881   1  0.01151 704.0134  0.1824                                                                                                                                                                                                                     
  16 00628891   1  0.02309 677.9584  0.1154                                                                                                                                                                                                                     
  17 00628857   1  0.02609 687.3646  0.1859                                                                                                                                                                                                                     
  18 00628937   1  0.02289 696.5124  0.1897                                                                                                                                                                                                                     
  19 00628873   1  0.02155 706.3770  0.1283                                                                                                                                                                                                                     
  20 00628971   1  0.02970 698.3626  0.1632                                                                                                                                                                                                                     
  21 00515038   1  0.02528 702.0308  0.2628                                                                                                                                                                                                                     
  22 00628765   1  0.01988 705.3664  0.1953                                                                                                                                                                                                                     
  23 00480773   1  0.04179 724.2077  0.1980                                                                                                                                                                                                                     
  24 00629039   1  0.01639 698.3013  0.1393                                                                                                                                                                                                                     
  25 00628747   1  0.02070 725.4638  0.1942                                                                                                                                                                                                                     
  26 00641734   1  0.01641 717.9111  0.1624                                                                                                                                                                                                                     
  27 00628755   1  0.01728 706.2899  0.1249                                                                                                                                                                                                                     
  28 00515008   1  0.02267 739.7038  0.2471                                                                                                                                                                                                                     
  29 00629041   1  0.02145 721.9345  0.2336                                                                                                                                                                                                                     
  30 00515060   1  0.02416 719.5450  0.2198                                                                                                                                                                                                                     
  31 00480749   1  0.02523 727.4884  0.1524                                                                                                                                                                                                                     
  32 00628841   1  0.02228 754.2925  0.2231                                                                                                                                                                                                                     
  33 00628845   1  0.02790 742.9586  0.2050                                                                                                                                                                                                                     
  34 00628745   1  0.01970 745.5935  0.2708                                                                                                                                                                                                                     
  35 00515006   1  0.04003 759.9497  0.1585                                                                                                                                                                                                                     
  36 00628761   1  0.02771 748.2284  0.2248                                                                                                                                                                                                                     
  37 00628787   1  0.02793 732.1026  0.2096                                                                                                                                                                                                                     
  38 00629029   1  0.03410 763.1368  0.1602                                                                                                                                                                                                                     
  39 00628843   1  0.03471 757.4085  0.3017                                                                                                                                                                                                                     
  40 00480771   1  0.01744 736.7201  0.1356                                                                                                                                                                                                                     
  41 00628931   1  0.01702 728.2343  0.1989                                                                                                                                                                                                                     
  42 00628799   1  0.03782 748.6869  0.2233                                                                                                                                                                                                                     
  43 00628865   1  0.01006 794.3549  0.2270                                                                                                                                                                                                                     
  44 00628871   1  0.01698 784.1189  0.1909                                                                                                                                                                                                                     
  45 00628753   1  0.02778 717.8853  0.2420                                                                                                                                                                                                                     
  46 00480638   1  0.04798 745.3158  0.3231                                                                                                                                                                                                                     
