PAR File TN GSTDZALL Final Content:MA Level:17 Form:G Other:CB (18SEP07)                                                                                                                                                                                        
   1 00627782   1  0.01854 673.2828  0.2187                                                                                                                                                                                                                     
   2 00627653   1  0.03058 652.6914  0.2326                                                                                                                                                                                                                     
   3 00641596   1  0.02048 700.5196  0.2281                                                                                                                                                                                                                     
   4 00480732   1  0.03882 695.9602  0.1309                                                                                                                                                                                                                     
   5 00626108   1  0.03145 695.2111  0.1170                                                                                                                                                                                                                     
   6 00627784   1  0.02299 698.7469  0.3239                                                                                                                                                                                                                     
   7 00626114   1  0.04007 714.1009  0.1559                                                                                                                                                                                                                     
   8 00480374   1  0.03733 714.8629  0.2024                                                                                                                                                                                                                     
   9 00626112   1  0.01793 692.9605  0.1461                                                                                                                                                                                                                     
  10 00641686   1  0.04795 715.6443  0.1707                                                                                                                                                                                                                     
  11 00641590   1  0.02394 709.5447  0.2556                                                                                                                                                                                                                     
  12 00626286   1  0.02496 677.2868  0.2190                                                                                                                                                                                                                     
  13 00626242   1  0.02665 716.2223  0.2211                                                                                                                                                                                                                     
  14 00626246   1  0.01916 755.0351  0.2076                                                                                                                                                                                                                     
  15 00627607   1  0.01582 715.4474  0.1891                                                                                                                                                                                                                     
  16 00626139   1  0.02727 729.1255  0.2298                                                                                                                                                                                                                     
  17 00626145   1  0.02611 700.3420  0.2954                                                                                                                                                                                                                     
  18 00626153   1  0.01521 654.4931  0.2000                                                                                                                                                                                                                     
  19 00626147   1  0.02098 673.6186  0.1197                                                                                                                                                                                                                     
  20 00626129   1  0.02581 660.5282  0.1972                                                                                                                                                                                                                     
  21 00626266   1  0.01826 651.2383  0.1952                                                                                                                                                                                                                     
  22 00626278   1  0.03379 715.5313  0.2168                                                                                                                                                                                                                     
  23 00626276   1  0.02156 627.0691  0.2000                                                                                                                                                                                                                     
  24 00626270   1  0.02775 716.4354  0.1809                                                                                                                                                                                                                     
  25 00626272   1  0.03086 664.9229  0.1559                                                                                                                                                                                                                     
  26 00626274   1  0.03206 716.5743  0.1609                                                                                                                                                                                                                     
  27 00641730   1  0.01927 679.8829  0.1449                                                                                                                                                                                                                     
  28 00627854   1  0.02539 657.7351  0.1147                                                                                                                                                                                                                     
  29 00626127   1  0.03178 639.1521  0.1043                                                                                                                                                                                                                     
  30 00626121   1  0.02647 671.4778  0.2495                                                                                                                                                                                                                     
  31 00626183   1  0.02701 652.1973  0.1275                                                                                                                                                                                                                     
  32 00626133   1  0.03649 699.2280  0.2497                                                                                                                                                                                                                     
  33 00626234   1  0.02259 656.1658  0.1143                                                                                                                                                                                                                     
  34 00626252   1  0.01590 668.5329  0.2000                                                                                                                                                                                                                     
  35 00627603   1  0.02932 663.4472  0.2123                                                                                                                                                                                                                     
  36 00641478   1  0.02289 719.1220  0.2646                                                                                                                                                                                                                     
  37 00627808   1  0.02032 693.8323  0.2793                                                                                                                                                                                                                     
  38 00626258   1  0.03592 721.7892  0.1634                                                                                                                                                                                                                     
  39 00626131   1  0.04317 705.4729  0.2256                                                                                                                                                                                                                     
  40 00627585   1  0.02592 672.6370  0.1285                                                                                                                                                                                                                     
  41 00641556   1  0.02717 677.0414  0.2026                                                                                                                                                                                                                     
  42 00626250   1  0.03279 703.3611  0.1813                                                                                                                                                                                                                     
  43 00626248   1  0.02853 714.0621  0.1917                                                                                                                                                                                                                     
  44 00625385   1  0.02040 687.2354  0.1009                                                                                                                                                                                                                     
  45 00627645   1  0.02131 734.3533  0.1968                                                                                                                                                                                                                     
  46 00627583   1  0.03177 715.2439  0.2038                                                                                                                                                                                                                     
  47 00626167   1  0.04984 722.1379  0.1570                                                                                                                                                                                                                     
  48 00626135   1  0.03355 700.0126  0.2539                                                                                                                                                                                                                     
  49 00626137   1  0.03010 723.5425  0.3300                                                                                                                                                                                                                     
  50 00641746   1  0.02567 700.2290  0.2162                                                                                                                                                                                                                     
  51 00626284   1  0.01400 725.1893  0.2569                                                                                                                                                                                                                     
  52 00626282   1  0.02391 697.6942  0.1704                                                                                                                                                                                                                     
  53 00626298   1  0.03260 686.3377  0.2603                                                                                                                                                                                                                     
  54 00480392   1  0.04290 733.0810  0.1637                                                                                                                                                                                                                     
  55 00515701   1  0.03107 690.1157  0.2730                                                                                                                                                                                                                     
  56 00480807   1  0.03287 689.7993  0.2397                                                                                                                                                                                                                     
  57 00641502   1  0.03001 696.6641  0.1903                                                                                                                                                                                                                     
