PAR File TN GSTDZALL Final Content:MA Level:20 Form:G Other:SV (18SEP07)                                                                                                                                                                                        
   1 00629009   1  0.01239 701.7951  0.1092                                                                                                                                                                                                                     
   2 00628921   1  0.02413 737.6985  0.2255                                                                                                                                                                                                                     
   3 00628913   1  0.02273 686.4604  0.1441                                                                                                                                                                                                                     
   4 00628739   1  0.02431 779.1592  0.1250                                                                                                                                                                                                                     
   5 00628915   1  0.02780 715.9382  0.1160                                                                                                                                                                                                                     
   6 00629045   1  0.01286 697.8524  0.2000                                                                                                                                                                                                                     
   7 00629049   1  0.01842 732.2544  0.2174                                                                                                                                                                                                                     
   8 00628943   1  0.03567 745.9907  0.2624                                                                                                                                                                                                                     
   9 00628775   1  0.02605 711.1302  0.1322                                                                                                                                                                                                                     
  10 00628749   1  0.02433 720.7107  0.2276                                                                                                                                                                                                                     
  11 00629055   1  0.03004 728.6153  0.1898                                                                                                                                                                                                                     
  12 00628941   1  0.01710 699.7575  0.2000                                                                                                                                                                                                                     
  13 00628939   1  0.04093 728.1083  0.2029                                                                                                                                                                                                                     
  14 00628965   1  0.02707 718.6796  0.1775                                                                                                                                                                                                                     
  15 00628973   1  0.01699 709.6416  0.1192                                                                                                                                                                                                                     
  16 00629023   1  0.03797 746.8657  0.2556                                                                                                                                                                                                                     
  17 00629059   1  0.02819 728.8542  0.2980                                                                                                                                                                                                                     
  18 00629065   1  0.02645 740.0622  0.2261                                                                                                                                                                                                                     
  19 00629061   1  0.04779 754.0180  0.2074                                                                                                                                                                                                                     
  20 00628889   1  0.02801 740.5724  0.2423                                                                                                                                                                                                                     
  21 00628975   1  0.02874 737.3982  0.1235                                                                                                                                                                                                                     
  22 00628771   1  0.02794 772.5429  0.2898                                                                                                                                                                                                                     
  23 00629031   1  0.04683 767.1601  0.1433                                                                                                                                                                                                                     
  24 00628779   1  0.02482 753.6596  0.1831                                                                                                                                                                                                                     
  25 00628781   1  0.03106 766.4207  0.2755                                                                                                                                                                                                                     
