PAR File TN GSTDZALL Final Content:MA Level:15 Form:G Other:CB (18SEP07)                                                                                                                                                                                        
   1 00620368   1  0.02271 607.5141  0.2000                                                                                                                                                                                                                     
   2 00619448   1  0.02432 624.3664  0.1500                                                                                                                                                                                                                     
   3 00620370   1  0.01865 621.9769  0.2000                                                                                                                                                                                                                     
   4 00624326   1  0.01253 667.0669  0.1933                                                                                                                                                                                                                     
   5 00620360   1  0.01850 610.3492  0.1500                                                                                                                                                                                                                     
   6 00620372   1  0.02502 605.1569  0.1769                                                                                                                                                                                                                     
   7 00624322   1  0.02094 649.1007  0.1130                                                                                                                                                                                                                     
   8 00620358   1  0.01906 634.4474  0.0958                                                                                                                                                                                                                     
   9 00620366   1  0.02206 647.9382  0.1169                                                                                                                                                                                                                     
  10 00620362   1  0.03769 691.3072  0.1159                                                                                                                                                                                                                     
  11 00481589   1  0.03258 638.7775  0.3000                                                                                                                                                                                                                     
  12 00514876   1  0.03050 662.9370  0.3191                                                                                                                                                                                                                     
  13 00641442   1  0.03307 636.0716  0.1479                                                                                                                                                                                                                     
  14 00620404   1  0.01561 664.4740  0.1487                                                                                                                                                                                                                     
  15 00620412   1  0.01877 606.9975  0.2000                                                                                                                                                                                                                     
  16 00620408   1  0.02162 680.7063  0.2192                                                                                                                                                                                                                     
  17 00620402   1  0.04257 690.0963  0.2060                                                                                                                                                                                                                     
  18 00624490   1  0.03359 658.7748  0.3165                                                                                                                                                                                                                     
  19 00620392   1  0.03085 681.5168  0.1893                                                                                                                                                                                                                     
  20 00620430   1  0.02521 656.2530  0.1721                                                                                                                                                                                                                     
  21 00620497   1  0.01108 657.3250  0.1456                                                                                                                                                                                                                     
  22 00625403   1  0.02637 695.2660  0.1680                                                                                                                                                                                                                     
  23 00625307   1  0.02775 706.7710  0.1780                                                                                                                                                                                                                     
  24 00620489   1  0.02533 615.9257  0.2000                                                                                                                                                                                                                     
  25 00620487   1  0.03344 623.3202  0.2116                                                                                                                                                                                                                     
  26 00620434   1  0.02618 612.4061  0.1713                                                                                                                                                                                                                     
  27 00641268   1  0.03810 626.8430  0.3164                                                                                                                                                                                                                     
  28 00620537   1  0.01635 598.4148  0.0000                                                                                                                                                                                                                     
  29 00620531   1  0.02858 642.9785  0.2991                                                                                                                                                                                                                     
  30 00619436   1  0.01653 641.3026  0.1357                                                                                                                                                                                                                     
  31 00620485   1  0.04503 671.3325  0.1894                                                                                                                                                                                                                     
  32 00620432   1  0.03443 687.7747  0.1173                                                                                                                                                                                                                     
  33 00620390   1  0.03037 623.4364  0.1261                                                                                                                                                                                                                     
  34 00514860   1  0.01980 678.7237  0.2870                                                                                                                                                                                                                     
  35 00620378   1  0.03085 632.3840  0.2225                                                                                                                                                                                                                     
  36 00620533   1  0.01727 704.1555  0.2968                                                                                                                                                                                                                     
  37 00620422   1  0.02228 612.8323  0.1383                                                                                                                                                                                                                     
  38 00624514   1  0.02481 650.0855  0.2286                                                                                                                                                                                                                     
  39 00479703   1  0.05671 708.2240  0.2377                                                                                                                                                                                                                     
  40 00624502   1  0.03677 667.5739  0.2447                                                                                                                                                                                                                     
  41 00620501   1  0.03218 643.6824  0.1822                                                                                                                                                                                                                     
  42 00620499   1  0.03770 643.8664  0.1812                                                                                                                                                                                                                     
  43 00483929   1  0.03379 649.0006  0.1966                                                                                                                                                                                                                     
  44 00641474   1  0.01088 662.8725  0.2000                                                                                                                                                                                                                     
  45 00620428   1  0.03630 674.2612  0.2163                                                                                                                                                                                                                     
  46 00483907   1  0.03312 678.2555  0.2301                                                                                                                                                                                                                     
  47 00620491   1  0.03009 636.6367  0.2226                                                                                                                                                                                                                     
  48 00620511   1  0.04187 672.1010  0.1678                                                                                                                                                                                                                     
  49 00620503   1  0.03411 646.8501  0.2388                                                                                                                                                                                                                     
  50 00620507   1  0.03867 683.2185  0.2665                                                                                                                                                                                                                     
  51 00624476   1  0.03283 657.8158  0.2306                                                                                                                                                                                                                     
  52 00620519   1  0.02509 621.3117  0.1981                                                                                                                                                                                                                     
  53 00620523   1  0.03022 619.9620  0.1234                                                                                                                                                                                                                     
  54 00483869   1  0.02642 672.7080  0.2091                                                                                                                                                                                                                     
  55 00624337   1  0.02210 666.9346  0.2094                                                                                                                                                                                                                     
  56 00620477   1  0.03328 650.2082  0.2006                                                                                                                                                                                                                     
  57 00641536   1  0.02502 711.5532  0.1721                                                                                                                                                                                                                     
