PAR File TN GSTDZALL Final Content:MA Level:14 Form:G Other:SV (18SEP07)                                                                                                                                                                                        
   1 00624457   1  0.01984 603.0355  0.2000                                                                                                                                                                                                                     
   2 00641208   1  0.01379 547.8063  0.2000                                                                                                                                                                                                                     
   3 00624443   1  0.01686 622.2578  0.1500                                                                                                                                                                                                                     
   4 00624318   1  0.03205 639.2005  0.2677                                                                                                                                                                                                                     
   5 00624453   1  0.02284 640.3307  0.1185                                                                                                                                                                                                                     
   6 00623329   1  0.03856 624.8798  0.2007                                                                                                                                                                                                                     
   7 00624314   1  0.01885 626.5815  0.1578                                                                                                                                                                                                                     
   8 00624461   1  0.02138 659.9470  0.1961                                                                                                                                                                                                                     
   9 00624328   1  0.01794 628.1766  0.1510                                                                                                                                                                                                                     
  10 00623448   1  0.05642 658.8782  0.1180                                                                                                                                                                                                                     
  11 00624367   1  0.00899 687.4195  0.2000                                                                                                                                                                                                                     
  12 00624353   1  0.02370 608.1083  0.1819                                                                                                                                                                                                                     
  13 00624361   1  0.01920 647.9027  0.1019                                                                                                                                                                                                                     
  14 00624355   1  0.01324 626.6461  0.2000                                                                                                                                                                                                                     
  15 00624520   1  0.02268 600.6137  0.2000                                                                                                                                                                                                                     
  16 00641242   1  0.02341 625.0413  0.1734                                                                                                                                                                                                                     
  17 00624381   1  0.02577 603.1646  0.1249                                                                                                                                                                                                                     
  18 00624397   1  0.01818 571.8496  0.2000                                                                                                                                                                                                                     
  19 00623468   1  0.02976 620.3204  0.1177                                                                                                                                                                                                                     
  20 00514638   1  0.02294 634.8768  0.1636                                                                                                                                                                                                                     
  21 00514748   1  0.00913 529.4784  0.2000                                                                                                                                                                                                                     
  22 00483923   1  0.02847 678.7786  0.1760                                                                                                                                                                                                                     
  23 00624506   1  0.01907 695.5308  0.3278                                                                                                                                                                                                                     
  24 00483901   1  0.03516 678.8238  0.1306                                                                                                                                                                                                                     
  25 00641232   1  0.02365 613.9108  0.2083                                                                                                                                                                                                                     
  26 00481653   1  0.02024 658.5165  0.2289                                                                                                                                                                                                                     
  27 00624508   1  0.02829 661.6325  0.2102                                                                                                                                                                                                                     
  28 00624494   1  0.02234 624.2954  0.0951                                                                                                                                                                                                                     
  29 00624498   1  0.02115 607.3301  0.1266                                                                                                                                                                                                                     
  30 00624516   1  0.04130 690.7744  0.1823                                                                                                                                                                                                                     
  31 00643238   1  0.02035 628.4640  0.1649                                                                                                                                                                                                                     
  32 00624377   1  0.02609 672.9761  0.3371                                                                                                                                                                                                                     
