PAR File TN GSTDZALL Final Content:MA Level:17 Form:G Other:SV (18SEP07)                                                                                                                                                                                        
   1 00627782   1  0.01854 673.2828  0.2187                                                                                                                                                                                                                     
   2 00627653   1  0.03058 652.6914  0.2326                                                                                                                                                                                                                     
   3 00480732   1  0.03882 695.9602  0.1309                                                                                                                                                                                                                     
   4 00626108   1  0.03145 695.2111  0.1170                                                                                                                                                                                                                     
   5 00627784   1  0.02299 698.7469  0.3239                                                                                                                                                                                                                     
   6 00626114   1  0.04007 714.1009  0.1559                                                                                                                                                                                                                     
   7 00641596   1  0.02048 700.5196  0.2281                                                                                                                                                                                                                     
   8 00480374   1  0.03733 714.8629  0.2024                                                                                                                                                                                                                     
   9 00641686   1  0.04795 715.6443  0.1707                                                                                                                                                                                                                     
  10 00626242   1  0.02665 716.2223  0.2211                                                                                                                                                                                                                     
  11 00626246   1  0.01916 755.0351  0.2076                                                                                                                                                                                                                     
  12 00627607   1  0.01582 715.4474  0.1891                                                                                                                                                                                                                     
  13 00626139   1  0.02727 729.1255  0.2298                                                                                                                                                                                                                     
  14 00626145   1  0.02611 700.3420  0.2954                                                                                                                                                                                                                     
  15 00626153   1  0.01521 654.4931  0.2000                                                                                                                                                                                                                     
  16 00626147   1  0.02098 673.6186  0.1197                                                                                                                                                                                                                     
  17 00626129   1  0.02581 660.5282  0.1972                                                                                                                                                                                                                     
  18 00626266   1  0.01826 651.2383  0.1952                                                                                                                                                                                                                     
  19 00626278   1  0.03379 715.5313  0.2168                                                                                                                                                                                                                     
  20 00626276   1  0.02156 627.0691  0.2000                                                                                                                                                                                                                     
  21 00626272   1  0.03086 664.9229  0.1559                                                                                                                                                                                                                     
  22 00626274   1  0.03206 716.5743  0.1609                                                                                                                                                                                                                     
  23 00641478   1  0.02289 719.1220  0.2646                                                                                                                                                                                                                     
  24 00641730   1  0.01927 679.8829  0.1449                                                                                                                                                                                                                     
  25 00626258   1  0.03592 721.7892  0.1634                                                                                                                                                                                                                     
  26 00626127   1  0.03178 639.1521  0.1043                                                                                                                                                                                                                     
  27 00626121   1  0.02647 671.4778  0.2495                                                                                                                                                                                                                     
  28 00626183   1  0.02701 652.1973  0.1275                                                                                                                                                                                                                     
  29 00626133   1  0.03649 699.2280  0.2497                                                                                                                                                                                                                     
  30 00626234   1  0.02259 656.1658  0.1143                                                                                                                                                                                                                     
  31 00627808   1  0.02032 693.8323  0.2793                                                                                                                                                                                                                     
  32 00627603   1  0.02932 663.4472  0.2123                                                                                                                                                                                                                     
