PAR File TN GSTDZALL Final Content:MA Level:21 Form:G Other:SV (18SEP07)                                                                                                                                                                                        
   1 00109514   1  0.04185 768.2095  0.2651                                                                                                                                                                                                                     
   2 00109935   1  0.01851 705.7571  0.0968                                                                                                                                                                                                                     
   3 00109715   1  0.02819 747.8635  0.1956                                                                                                                                                                                                                     
   4 00109134   1  0.01588 735.0120  0.1266                                                                                                                                                                                                                     
   5 00110053   1  0.03184 700.6197  0.2126                                                                                                                                                                                                                     
   6 00110051   1  0.02681 710.3907  0.2130                                                                                                                                                                                                                     
   7 00110055   1  0.02969 722.6093  0.1662                                                                                                                                                                                                                     
   8 00109230   1  0.01497 728.6282  0.1950                                                                                                                                                                                                                     
   9 00628785   1  0.03365 750.3208  0.1944                                                                                                                                                                                                                     
  10 00057789   1  0.03051 732.1866  0.1255                                                                                                                                                                                                                     
  11 00109957   1  0.03200 715.5733  0.1925                                                                                                                                                                                                                     
  12 00109951   1  0.03534 740.9986  0.2313                                                                                                                                                                                                                     
  13 00061471   1  0.03848 709.0087  0.1203                                                                                                                                                                                                                     
  14 00109949   1  0.02187 730.2298  0.2150                                                                                                                                                                                                                     
  15 00057925   1  0.03634 735.3607  0.2928                                                                                                                                                                                                                     
  16 00109256   1  0.03836 722.9258  0.2546                                                                                                                                                                                                                     
  17 00110063   1  0.03436 744.3923  0.1426                                                                                                                                                                                                                     
  18 00109741   1  0.04420 771.1738  0.2106                                                                                                                                                                                                                     
  19 00110087   1  0.02683 722.2380  0.2123                                                                                                                                                                                                                     
  20 00628927   1  0.05973 766.5111  0.2441                                                                                                                                                                                                                     
  21 00110005   1  0.03874 751.8094  0.2481                                                                                                                                                                                                                     
  22 00110067   1  0.02229 755.9134  0.2262                                                                                                                                                                                                                     
  23 00109977   1  0.04693 761.8064  0.1888                                                                                                                                                                                                                     
  24 00109628   1  0.03965 776.6018  0.2762                                                                                                                                                                                                                     
  25 00628777   1  0.01888 777.3767  0.2240                                                                                                                                                                                                                     
