PAR File TN GSTDZALL Final Content:MA Level:11 Form:G Other:CB (18SEP07)                                                                                                                                                                                        
   1 00621774   1  0.01871 466.5319  0.2000                                                                                                                                                                                                                     
   2 00621869   1  0.02947 491.6343  0.2263                                                                                                                                                                                                                     
   3 00621778   1  0.02065 477.2038  0.1301                                                                                                                                                                                                                     
   4 00621776   1  0.01837 517.8701  0.1657                                                                                                                                                                                                                     
   5 00621842   1  0.01758 419.9210  0.2000                                                                                                                                                                                                                     
   6 00621875   1  0.00860 543.5343  0.2000                                                                                                                                                                                                                     
   7 00621910   1  0.02143 448.1943  0.2000                                                                                                                                                                                                                     
   8 00621802   1  0.02814 484.9179  0.1850                                                                                                                                                                                                                     
   9 00621798   1  0.03190 531.9260  0.1250                                                                                                                                                                                                                     
  10 00621908   1  0.01820 505.7257  0.1224                                                                                                                                                                                                                     
  11 00621912   1  0.02218 473.0158  0.2000                                                                                                                                                                                                                     
  12 00621916   1  0.04591 547.1315  0.1303                                                                                                                                                                                                                     
  13 00621796   1  0.03120 549.8535  0.1857                                                                                                                                                                                                                     
  14 00621786   1  0.01492 500.7950  0.1435                                                                                                                                                                                                                     
  15 00621784   1  0.01605 463.4805  0.2000                                                                                                                                                                                                                     
  16 00621806   1  0.00609 460.6744  0.2000                                                                                                                                                                                                                     
  17 00621830   1  0.01420 462.8217  0.2000                                                                                                                                                                                                                     
  18 00621893   1  0.01857 489.1512  0.1657                                                                                                                                                                                                                     
  19 00621788   1  0.01965 475.6377  0.1468                                                                                                                                                                                                                     
  20 00621790   1  0.03443 527.7380  0.1562                                                                                                                                                                                                                     
  21 00621792   1  0.01920 520.4953  0.1187                                                                                                                                                                                                                     
  22 00621804   1  0.02019 499.2903  0.2000                                                                                                                                                                                                                     
  23 00621863   1  0.02141 478.3243  0.1267                                                                                                                                                                                                                     
  24 00621867   1  0.02611 471.6144  0.1225                                                                                                                                                                                                                     
  25 00621865   1  0.01815 513.5916  0.1657                                                                                                                                                                                                                     
  26 00621920   1  0.01820 498.4604  0.1494                                                                                                                                                                                                                     
  27 00621898   1  0.01641 433.0760  0.2000                                                                                                                                                                                                                     
  28 00621822   1  0.01835 482.0247  0.1380                                                                                                                                                                                                                     
  29 00621926   1  0.02628 475.9703  0.1185                                                                                                                                                                                                                     
  30 00621818   1  0.02209 519.4006  0.3163                                                                                                                                                                                                                     
  31 00621879   1  0.01916 529.4332  0.2635                                                                                                                                                                                                                     
  32 00621883   1  0.02651 516.7076  0.2662                                                                                                                                                                                                                     
  33 00621885   1  0.02175 490.1231  0.1190                                                                                                                                                                                                                     
  34 00621928   1  0.01224 518.7161  0.2000                                                                                                                                                                                                                     
  35 00621832   1  0.02725 527.9511  0.2005                                                                                                                                                                                                                     
  36 00621906   1  0.02038 484.1882  0.1397                                                                                                                                                                                                                     
  37 00621902   1  0.01424 427.0442  0.2000                                                                                                                                                                                                                     
  38 00621900   1  0.01748 513.9597  0.2118                                                                                                                                                                                                                     
  39 00621922   1  0.01883 569.6087  0.3930                                                                                                                                                                                                                     
  40 00621814   1  0.01154 467.2778  0.2000                                                                                                                                                                                                                     
  41 00621834   1  0.01627 443.6866  0.2000                                                                                                                                                                                                                     
  42 00621838   1  0.04519 549.7147  0.0948                                                                                                                                                                                                                     
  43 00621836   1  0.01810 505.0832  0.1657                                                                                                                                                                                                                     
  44 00621924   1  0.01857 448.3331  0.2000                                                                                                                                                                                                                     
  45 00621918   1  0.02107 461.5624  0.2000                                                                                                                                                                                                                     
  46 00621810   1  0.02058 529.1264  0.1593                                                                                                                                                                                                                     
  47 00621816   1  0.02206 453.6933  0.1657                                                                                                                                                                                                                     
