PAR File TN GSTDZALL Final Content:MA Level:18 Form:G Other:MA (18SEP07)                                                                                                                                                                                        
   1 00480550   1  0.02075 667.6966  0.0948                                                                                                                                                                                                                     
   2 00627574   1  0.02672 710.1227  0.1086                                                                                                                                                                                                                     
   3 00628735   1  0.02532 656.1173  0.1468                                                                                                                                                                                                                     
   4 00627572   1  0.02217 719.7646  0.2438                                                                                                                                                                                                                     
   5 00480446   1  0.01467 692.8894  0.1150                                                                                                                                                                                                                     
   6 00627641   1  0.02046 670.3638  0.1118                                                                                                                                                                                                                     
   7 00627580   1  0.03142 706.3964  0.2681                                                                                                                                                                                                                     
   8 00627838   1  0.01536 746.6784  0.2837                                                                                                                                                                                                                     
   9 00627824   1  0.02501 665.7818  0.1773                                                                                                                                                                                                                     
  10 00627832   1  0.02719 703.5161  0.1926                                                                                                                                                                                                                     
  11 00627834   1  0.03024 649.3590  0.1308                                                                                                                                                                                                                     
  12 00627822   1  0.04346 742.6583  0.2644                                                                                                                                                                                                                     
  13 00627651   1  0.03365 679.2694  0.2409                                                                                                                                                                                                                     
  14 00627643   1  0.03678 760.1305  0.2499                                                                                                                                                                                                                     
  15 00627593   1  0.03946 708.1950  0.1995                                                                                                                                                                                                                     
  16 00627597   1  0.02222 656.3724  0.1310                                                                                                                                                                                                                     
  17 00627595   1  0.02230 652.8625  0.1722                                                                                                                                                                                                                     
  18 00627599   1  0.01507 690.5581  0.2000                                                                                                                                                                                                                     
  19 00627615   1  0.03022 717.4720  0.1219                                                                                                                                                                                                                     
  20 00627818   1  0.02182 675.1266  0.1231                                                                                                                                                                                                                     
  21 00627649   1  0.02149 694.3941  0.2009                                                                                                                                                                                                                     
  22 00627625   1  0.04239 753.1720  0.1208                                                                                                                                                                                                                     
  23 00627629   1  0.03196 708.3338  0.1250                                                                                                                                                                                                                     
  24 00627623   1  0.04845 731.8572  0.2605                                                                                                                                                                                                                     
  25 00627621   1  0.01825 757.1372  0.2286                                                                                                                                                                                                                     
  26 00627800   1  0.02612 717.2491  0.3068                                                                                                                                                                                                                     
  27 00627802   1  0.02385 723.7944  0.1495                                                                                                                                                                                                                     
  28 00627611   1  0.02927 693.5514  0.2264                                                                                                                                                                                                                     
  29 00627617   1  0.02134 673.0406  0.1939                                                                                                                                                                                                                     
  30 00627840   1  0.01397 730.0587  0.1856                                                                                                                                                                                                                     
  31 00627806   1  0.01620 642.8945  0.2000                                                                                                                                                                                                                     
  32 00627912   4  0.01803  12.8391 11.6898 12.2983                                                                                                                                                                                                             
  33 00627918   3  0.02238  15.0497 15.9909                                                                                                                                                                                                                     
  34 00627910   3  0.02705  18.2185 18.8632                                                                                                                                                                                                                     
  35 00627672   4  0.02811  19.8648 17.9559 20.2902                                                                                                                                                                                                             
  36 00627914   3  0.02427  19.3742 15.1680                                                                                                                                                                                                                     
  37 00626201   3  0.02197  15.7200 16.3842                                                                                                                                                                                                                     
  38 00627656   3  0.02302  17.4985 15.4955                                                                                                                                                                                                                     
  39 00627916   3  0.04046  27.1610 28.3698                                                                                                                                                                                                                     
  40 00627900   4  0.01282  10.1690  8.8926  9.4897                                                                                                                                                                                                             
  41 00627906   3  0.03420  25.7320 24.4893                                                                                                                                                                                                                     
