PAR File TN GSTDZALL Final Content:MA Level:21 Form:G Other:CB (18SEP07)                                                                                                                                                                                        
   1 00109514   1  0.04185 768.2095  0.2651                                                                                                                                                                                                                     
   2 00109935   1  0.01851 705.7571  0.0968                                                                                                                                                                                                                     
   3 00109715   1  0.02819 747.8635  0.1956                                                                                                                                                                                                                     
   4 00109931   1  0.03024 745.2609  0.1458                                                                                                                                                                                                                     
   5 00109134   1  0.01588 735.0120  0.1266                                                                                                                                                                                                                     
   6 00110053   1  0.03184 700.6197  0.2126                                                                                                                                                                                                                     
   7 00110051   1  0.02681 710.3907  0.2130                                                                                                                                                                                                                     
   8 00110055   1  0.02969 722.6093  0.1662                                                                                                                                                                                                                     
   9 00109648   1  0.03230 688.1137  0.0926                                                                                                                                                                                                                     
  10 00062886   1  0.03426 693.8743  0.2388                                                                                                                                                                                                                     
  11 00109256   1  0.03836 722.9258  0.2546                                                                                                                                                                                                                     
  12 00057925   1  0.03634 735.3607  0.2928                                                                                                                                                                                                                     
  13 00109957   1  0.03200 715.5733  0.1925                                                                                                                                                                                                                     
  14 00109949   1  0.02187 730.2298  0.2150                                                                                                                                                                                                                     
  15 00061471   1  0.03848 709.0087  0.1203                                                                                                                                                                                                                     
  16 00109951   1  0.03534 740.9986  0.2313                                                                                                                                                                                                                     
  17 00109969   1  0.02144 725.0601  0.1632                                                                                                                                                                                                                     
  18 00109967   1  0.02653 685.4207  0.1138                                                                                                                                                                                                                     
  19 00109961   1  0.02313 688.2848  0.1950                                                                                                                                                                                                                     
  20 00109230   1  0.01497 728.6282  0.1950                                                                                                                                                                                                                     
  21 00110033   1  0.03731 718.4891  0.1454                                                                                                                                                                                                                     
  22 00057789   1  0.03051 732.1866  0.1255                                                                                                                                                                                                                     
  23 00109428   1  0.03979 757.5538  0.2310                                                                                                                                                                                                                     
  24 00110099   1  0.01819 715.8897  0.2317                                                                                                                                                                                                                     
  25 00109985   1  0.02703 739.8168  0.4173                                                                                                                                                                                                                     
  26 00109989   1  0.04579 739.3679  0.3699                                                                                                                                                                                                                     
  27 00109987   1  0.03135 744.4020  0.2158                                                                                                                                                                                                                     
  28 00109993   1  0.05425 759.1392  0.2255                                                                                                                                                                                                                     
  29 00109767   1  0.03414 725.9901  0.2984                                                                                                                                                                                                                     
  30 00109995   1  0.02999 764.2443  0.3001                                                                                                                                                                                                                     
  31 00109741   1  0.04420 771.1738  0.2106                                                                                                                                                                                                                     
  32 00109953   1  0.02980 727.8855  0.1990                                                                                                                                                                                                                     
  33 00628785   1  0.03365 750.3208  0.1944                                                                                                                                                                                                                     
  34 00628855   1  0.06036 767.2344  0.1838                                                                                                                                                                                                                     
  35 00110063   1  0.03436 744.3923  0.1426                                                                                                                                                                                                                     
  36 00628927   1  0.05973 766.5111  0.2441                                                                                                                                                                                                                     
  37 00110005   1  0.03874 751.8094  0.2481                                                                                                                                                                                                                     
  38 00110077   1  0.04654 722.6933  0.3104                                                                                                                                                                                                                     
  39 00110083   1  0.03996 755.1901  0.1381                                                                                                                                                                                                                     
  40 00110087   1  0.02683 722.2380  0.2123                                                                                                                                                                                                                     
  41 00110059   1  0.02798 752.3228  0.2254                                                                                                                                                                                                                     
  42 00110045   1  0.04377 762.1035  0.2840                                                                                                                                                                                                                     
  43 00110067   1  0.02229 755.9134  0.2262                                                                                                                                                                                                                     
  44 00109977   1  0.04693 761.8064  0.1888                                                                                                                                                                                                                     
  45 00109628   1  0.03965 776.6018  0.2762                                                                                                                                                                                                                     
  46 00628777   1  0.01888 777.3767  0.2240                                                                                                                                                                                                                     
