PAR File TN GSTDZALL Final Content:MA Level:12 Form:G Other:MA (18SEP07)                                                                                                                                                                                        
   1 00622441   1  0.01379 542.6819  0.2000                                                                                                                                                                                                                     
   2 00622350   1  0.01890 510.8308  0.2000                                                                                                                                                                                                                     
   3 00622439   1  0.03503 569.5731  0.1534                                                                                                                                                                                                                     
   4 00622348   1  0.02695 550.0666  0.3068                                                                                                                                                                                                                     
   5 00623359   1  0.00914 469.0828  0.2000                                                                                                                                                                                                                     
   6 00622498   1  0.02074 537.7027  0.2964                                                                                                                                                                                                                     
   7 00622368   1  0.02579 558.4621  0.1790                                                                                                                                                                                                                     
   8 00622488   1  0.02012 479.8225  0.2000                                                                                                                                                                                                                     
   9 00622490   1  0.02121 476.4708  0.2000                                                                                                                                                                                                                     
  10 00622502   1  0.01994 528.4387  0.1543                                                                                                                                                                                                                     
  11 00622467   1  0.01364 576.9224  0.2000                                                                                                                                                                                                                     
  12 00623335   1  0.00642 466.6772  0.2000                                                                                                                                                                                                                     
  13 00622500   1  0.01608 492.1509  0.2000                                                                                                                                                                                                                     
  14 00622395   1  0.03701 577.9492  0.2568                                                                                                                                                                                                                     
  15 00622401   1  0.01119 566.1375  0.2000                                                                                                                                                                                                                     
  16 00623422   1  0.01588 466.7805  0.2000                                                                                                                                                                                                                     
  17 00514482   1  0.03209 536.9988  0.1914                                                                                                                                                                                                                     
  18 00622413   1  0.01745 496.4746  0.2000                                                                                                                                                                                                                     
  19 00622415   1  0.02291 495.0345  0.1928                                                                                                                                                                                                                     
  20 00622449   1  0.02530 576.0150  0.2516                                                                                                                                                                                                                     
  21 00622451   1  0.02883 591.6241  0.2660                                                                                                                                                                                                                     
  22 00622453   1  0.02217 518.8130  0.1598                                                                                                                                                                                                                     
  23 00622461   1  0.03226 537.7512  0.1767                                                                                                                                                                                                                     
  24 00479056   1  0.02852 569.8024  0.1875                                                                                                                                                                                                                     
  25 00479046   1  0.02651 506.7623  0.2102                                                                                                                                                                                                                     
  26 00622492   1  0.02700 565.7209  0.1566                                                                                                                                                                                                                     
  27 00623472   3  0.02053   9.4998 11.5140                                                                                                                                                                                                                     
  28 00622512   3  0.04378  24.5215 26.7125                                                                                                                                                                                                                     
  29 00622431   3  0.04223  24.7130 25.9331                                                                                                                                                                                                                     
  30 00622518   4  0.02263  10.2937 11.8142 12.2752                                                                                                                                                                                                             
  31 00621852   3  0.02310  12.4328 11.8372                                                                                                                                                                                                                     
  32 00622427   3  0.02618  14.3496 14.4747                                                                                                                                                                                                                     
  33 00622510   5  0.00783   5.2042  3.3192  3.8113  2.6154                                                                                                                                                                                                     
  34 00640982   4  0.02242  10.5244 11.9801 13.3802                                                                                                                                                                                                             
