PAR File TN GSTDZALL Final Content:MA Level:14 Form:G Other:CB (18SEP07)                                                                                                                                                                                        
   1 00624457   1  0.01984 603.0355  0.2000                                                                                                                                                                                                                     
   2 00641208   1  0.01379 547.8063  0.2000                                                                                                                                                                                                                     
   3 00624443   1  0.01686 622.2578  0.1500                                                                                                                                                                                                                     
   4 00624318   1  0.03205 639.2005  0.2677                                                                                                                                                                                                                     
   5 00624453   1  0.02284 640.3307  0.1185                                                                                                                                                                                                                     
   6 00623329   1  0.03856 624.8798  0.2007                                                                                                                                                                                                                     
   7 00624314   1  0.01885 626.5815  0.1578                                                                                                                                                                                                                     
   8 00624461   1  0.02138 659.9470  0.1961                                                                                                                                                                                                                     
   9 00624328   1  0.01794 628.1766  0.1510                                                                                                                                                                                                                     
  10 00623448   1  0.05642 658.8782  0.1180                                                                                                                                                                                                                     
  11 00624459   1  0.02734 628.5318  0.2952                                                                                                                                                                                                                     
  12 00624455   1  0.03431 644.3314  0.1279                                                                                                                                                                                                                     
  13 00481595   1  0.03364 648.8553  0.2072                                                                                                                                                                                                                     
  14 00624308   1  0.02914 614.4824  0.2806                                                                                                                                                                                                                     
  15 00623309   1  0.02636 611.2953  0.1484                                                                                                                                                                                                                     
  16 00623307   1  0.02486 608.1083  0.2226                                                                                                                                                                                                                     
  17 00624371   1  0.02523 675.9080  0.2384                                                                                                                                                                                                                     
  18 00624330   1  0.03376 649.9499  0.2487                                                                                                                                                                                                                     
  19 00624367   1  0.00899 687.4195  0.2000                                                                                                                                                                                                                     
  20 00624353   1  0.02370 608.1083  0.1819                                                                                                                                                                                                                     
  21 00624361   1  0.01920 647.9027  0.1019                                                                                                                                                                                                                     
  22 00624355   1  0.01324 626.6461  0.2000                                                                                                                                                                                                                     
  23 00624520   1  0.02268 600.6137  0.2000                                                                                                                                                                                                                     
  24 00641242   1  0.02341 625.0413  0.1734                                                                                                                                                                                                                     
  25 00624381   1  0.02577 603.1646  0.1249                                                                                                                                                                                                                     
  26 00624397   1  0.01818 571.8496  0.2000                                                                                                                                                                                                                     
  27 00623468   1  0.02976 620.3204  0.1177                                                                                                                                                                                                                     
  28 00514638   1  0.02294 634.8768  0.1636                                                                                                                                                                                                                     
  29 00514748   1  0.00913 529.4784  0.2000                                                                                                                                                                                                                     
  30 00483923   1  0.02847 678.7786  0.1760                                                                                                                                                                                                                     
  31 00624506   1  0.01907 695.5308  0.3278                                                                                                                                                                                                                     
  32 00483901   1  0.03516 678.8238  0.1306                                                                                                                                                                                                                     
  33 00641232   1  0.02365 613.9108  0.2083                                                                                                                                                                                                                     
  34 00481653   1  0.02024 658.5165  0.2289                                                                                                                                                                                                                     
  35 00624508   1  0.02829 661.6325  0.2102                                                                                                                                                                                                                     
  36 00624494   1  0.02234 624.2954  0.0951                                                                                                                                                                                                                     
  37 00624498   1  0.02115 607.3301  0.1266                                                                                                                                                                                                                     
  38 00624516   1  0.04130 690.7744  0.1823                                                                                                                                                                                                                     
  39 00643238   1  0.02035 628.4640  0.1649                                                                                                                                                                                                                     
  40 00624377   1  0.02609 672.9761  0.3371                                                                                                                                                                                                                     
  41 00624375   1  0.03449 617.7146  0.2471                                                                                                                                                                                                                     
  42 00514654   1  0.01954 670.0054  0.2831                                                                                                                                                                                                                     
  43 00624488   1  0.02559 671.6296  0.1469                                                                                                                                                                                                                     
  44 00483875   1  0.02310 635.4548  0.2316                                                                                                                                                                                                                     
  45 00643228   1  0.01462 650.7378  0.1585                                                                                                                                                                                                                     
  46 00624470   1  0.03103 619.2742  0.1905                                                                                                                                                                                                                     
  47 00641210   1  0.01911 622.5678  0.1572                                                                                                                                                                                                                     
  48 00643202   1  0.05228 654.6772  0.1600                                                                                                                                                                                                                     
  49 00641236   1  0.02346 616.2196  0.1903                                                                                                                                                                                                                     
  50 00514688   1  0.03818 672.4207  0.2281                                                                                                                                                                                                                     
  51 00624383   1  0.02434 630.0785  0.1625                                                                                                                                                                                                                     
  52 00624379   1  0.04050 657.0860  0.2389                                                                                                                                                                                                                     
  53 00624478   1  0.01738 629.5554  0.2683                                                                                                                                                                                                                     
  54 00641250   1  0.01030 599.2543  0.2000                                                                                                                                                                                                                     
  55 00624393   1  0.01229 639.5008  0.2000                                                                                                                                                                                                                     
  56 00623458   1  0.02705 658.9266  0.1737                                                                                                                                                                                                                     
  57 00641214   1  0.01945 621.7347  0.3286                                                                                                                                                                                                                     
