PAR File TN GSTDZALL Final Content:MA Level:11 Form:G Other:MA (18SEP07)                                                                                                                                                                                        
   1 00621774   1  0.01871 466.5319  0.2000                                                                                                                                                                                                                     
   2 00621869   1  0.02947 491.6343  0.2263                                                                                                                                                                                                                     
   3 00621778   1  0.02065 477.2038  0.1301                                                                                                                                                                                                                     
   4 00621865   1  0.01815 513.5916  0.1657                                                                                                                                                                                                                     
   5 00621863   1  0.02141 478.3243  0.1267                                                                                                                                                                                                                     
   6 00621830   1  0.01420 462.8217  0.2000                                                                                                                                                                                                                     
   7 00621804   1  0.02019 499.2903  0.2000                                                                                                                                                                                                                     
   8 00621910   1  0.02143 448.1943  0.2000                                                                                                                                                                                                                     
   9 00621802   1  0.02814 484.9179  0.1850                                                                                                                                                                                                                     
  10 00621912   1  0.02218 473.0158  0.2000                                                                                                                                                                                                                     
  11 00621916   1  0.04591 547.1315  0.1303                                                                                                                                                                                                                     
  12 00621924   1  0.01857 448.3331  0.2000                                                                                                                                                                                                                     
  13 00621900   1  0.01748 513.9597  0.2118                                                                                                                                                                                                                     
  14 00621814   1  0.01154 467.2778  0.2000                                                                                                                                                                                                                     
  15 00621920   1  0.01820 498.4604  0.1494                                                                                                                                                                                                                     
  16 00621898   1  0.01641 433.0760  0.2000                                                                                                                                                                                                                     
  17 00621822   1  0.01835 482.0247  0.1380                                                                                                                                                                                                                     
  18 00621926   1  0.02628 475.9703  0.1185                                                                                                                                                                                                                     
  19 00621883   1  0.02651 516.7076  0.2662                                                                                                                                                                                                                     
  20 00621928   1  0.01224 518.7161  0.2000                                                                                                                                                                                                                     
  21 00621834   1  0.01627 443.6866  0.2000                                                                                                                                                                                                                     
  22 00621836   1  0.01810 505.0832  0.1657                                                                                                                                                                                                                     
  23 00621902   1  0.01424 427.0442  0.2000                                                                                                                                                                                                                     
  24 00621918   1  0.02107 461.5624  0.2000                                                                                                                                                                                                                     
  25 00621816   1  0.02206 453.6933  0.1657                                                                                                                                                                                                                     
  26 00621784   1  0.01605 463.4805  0.2000                                                                                                                                                                                                                     
  27 00621844   3  0.01969   8.0556  8.8363                                                                                                                                                                                                                     
  28 00621941   3  0.02671  13.0592 14.1207                                                                                                                                                                                                                     
  29 00621846   4  0.01650  10.2743  9.4479  6.3486                                                                                                                                                                                                             
  30 00621949   4  0.01871   9.7110  8.6778  8.8603                                                                                                                                                                                                             
  31 00621848   3  0.01091   6.0146  7.9213                                                                                                                                                                                                                     
  32 00621939   3  0.02295  11.1547 12.8729                                                                                                                                                                                                                     
  33 00621854   3  0.02324  10.2388 13.4933                                                                                                                                                                                                                     
  34 00621858   3  0.01121   5.2613  3.9353                                                                                                                                                                                                                     
