PAR File TN GSTDZALL Final Content:RD Level:17 Form:G Other:MA (12DEC07)                                                                                                                                                                                        
   1 00628097   1  0.02980 627.9897  0.1784                                                                                                                                                                                                                     
   2 00628099   1  0.03322 615.1906  0.1903                                                                                                                                                                                                                     
   3 00628103   1  0.02589 627.0484  0.2000                                                                                                                                                                                                                     
   4 00628105   1  0.03035 624.3722  0.1264                                                                                                                                                                                                                     
   5 00628107   1  0.01367 624.7284  0.2000                                                                                                                                                                                                                     
   6 00628109   1  0.01288 720.2108  0.1303                                                                                                                                                                                                                     
   7 00516665   1  0.02283 656.9218  0.1263                                                                                                                                                                                                                     
   8 00642793   1  0.02269 654.5873  0.1119                                                                                                                                                                                                                     
   9 00625518   1  0.03380 635.2568  0.1338                                                                                                                                                                                                                     
  10 00626406   1  0.01749 651.8126  0.1903                                                                                                                                                                                                                     
  11 00626408   1  0.03608 618.4635  0.2000                                                                                                                                                                                                                     
  12 00626410   1  0.04674 715.1914  0.1996                                                                                                                                                                                                                     
  13 00626412   1  0.01786 640.3226  0.1707                                                                                                                                                                                                                     
  14 00626416   1  0.02507 630.2866  0.2000                                                                                                                                                                                                                     
  15 00625754   1  0.00839 733.7167  0.2000                                                                                                                                                                                                                     
  16 00626466   1  0.03679 636.5573  0.1864                                                                                                                                                                                                                     
  17 00626606   1  0.02401 682.0422  0.1241                                                                                                                                                                                                                     
  18 00628084   4  0.01976  12.7586 11.9305 13.0877                                                                                                                                                                                                             
  19 00628164   5  0.02250  17.0342 14.2118 16.9295 14.8208                                                                                                                                                                                                     
  20 00626474   3  0.02038  14.3601 13.9866                                                                                                                                                                                                                     
  21 00626446   1  0.02411 658.6133  0.1155                                                                                                                                                                                                                     
  22 00626452   1  0.01762 690.8791  0.2288                                                                                                                                                                                                                     
  23 00626454   1  0.03797 701.2829  0.1605                                                                                                                                                                                                                     
  24 00626458   1  0.02769 658.0485  0.2423                                                                                                                                                                                                                     
  25 00626462   1  0.05143 680.0031  0.1768                                                                                                                                                                                                                     
  26 00626456   1  0.03029 701.8071  0.1993                                                                                                                                                                                                                     
  27 00642871   1  0.02874 656.4004  0.1115                                                                                                                                                                                                                     
  28 00642859   1  0.02589 659.8269  0.1498                                                                                                                                                                                                                     
  29 00642861   1  0.02145 674.7027  0.2146                                                                                                                                                                                                                     
  30 00642867   1  0.04550 656.6669  0.2595                                                                                                                                                                                                                     
  31 00642869   1  0.03692 680.3246  0.2538                                                                                                                                                                                                                     
  32 00642873   1  0.03580 644.3022  0.1681                                                                                                                                                                                                                     
  33 00642875   1  0.03728 654.7031  0.2309                                                                                                                                                                                                                     
  34 00626586   1  0.05402 699.8897  0.2191                                                                                                                                                                                                                     
  35 00626588   1  0.01852 670.5580  0.2092                                                                                                                                                                                                                     
  36 00626592   1  0.03129 677.7352  0.2289                                                                                                                                                                                                                     
  37 00626544   4  0.03856  24.2554 24.9915 25.2665                                                                                                                                                                                                             
  38 00626546   4  0.03277  21.7693 23.6104 22.8115                                                                                                                                                                                                             
  39 00642865   3  0.03335  23.6087 23.7692                                                                                                                                                                                                                     
