PAR File TN GSTDZALL Final Content:RD Level:15 Form:G Other:SV (12DEC07)                                                                                                                                                                                        
   1 00625460   1  0.01590 619.3411  0.2000                                                                                                                                                                                                                     
   2 00625462   1  0.01425 650.8336  0.1424                                                                                                                                                                                                                     
   3 00625472   1  0.01739 622.1246  0.1665                                                                                                                                                                                                                     
   4 00625474   1  0.01437 638.1561  0.2000                                                                                                                                                                                                                     
   5 00625476   1  0.02010 637.5015  0.2000                                                                                                                                                                                                                     
   6 00620784   1  0.03140 650.5903  0.2293                                                                                                                                                                                                                     
   7 00620788   1  0.01529 594.2584  0.2000                                                                                                                                                                                                                     
   8 00620790   1  0.04637 689.7176  0.1419                                                                                                                                                                                                                     
   9 00642694   1  0.02177 658.2367  0.1588                                                                                                                                                                                                                     
  10 00624839   1  0.04908 612.7663  0.3086                                                                                                                                                                                                                     
  11 00625514   1  0.01656 648.8003  0.1665                                                                                                                                                                                                                     
  12 00642310   1  0.01931 634.6543  0.1177                                                                                                                                                                                                                     
  13 00642314   1  0.01503 655.6879  0.1422                                                                                                                                                                                                                     
  14 00642316   1  0.02949 619.8538  0.2000                                                                                                                                                                                                                     
  15 00620804   1  0.04772 605.7918  0.1363                                                                                                                                                                                                                     
  16 00620742   1  0.03388 648.9509  0.2065                                                                                                                                                                                                                     
  17 00642497   1  0.02229 655.9370  0.1124                                                                                                                                                                                                                     
  18 00620624   1  0.02318 657.8631  0.1821                                                                                                                                                                                                                     
  19 00620626   1  0.01985 631.6189  0.2000                                                                                                                                                                                                                     
  20 00620628   1  0.01962 634.6514  0.1206                                                                                                                                                                                                                     
  21 00620630   1  0.03137 636.9570  0.1645                                                                                                                                                                                                                     
  22 00620632   1  0.02374 655.9573  0.1259                                                                                                                                                                                                                     
  23 00620638   1  0.01712 630.0114  0.1333                                                                                                                                                                                                                     
  24 00620656   1  0.01816 631.4799  0.2000                                                                                                                                                                                                                     
  25 00620658   1  0.05279 642.4167  0.2048                                                                                                                                                                                                                     
  26 00620660   1  0.04266 636.0330  0.1978                                                                                                                                                                                                                     
  27 00620664   1  0.03685 678.1668  0.1825                                                                                                                                                                                                                     
  28 00620666   1  0.02585 622.4576  0.1074                                                                                                                                                                                                                     
  29 00620668   1  0.03695 631.3032  0.1594                                                                                                                                                                                                                     
  30 00642479   1  0.03083 636.6123  0.2018                                                                                                                                                                                                                     
  31 00642481   1  0.02790 646.9524  0.1701                                                                                                                                                                                                                     
  32 00642483   1  0.04703 652.3165  0.2131                                                                                                                                                                                                                     
  33 00642485   1  0.03613 655.8298  0.2237                                                                                                                                                                                                                     
