PAR File TN GSTDZALL Final Content:RD Level:17 Form:G Other:CB (12DEC07)                                                                                                                                                                                        
   1 00628097   1  0.02980 627.9897  0.1784                                                                                                                                                                                                                     
   2 00628099   1  0.03322 615.1906  0.1903                                                                                                                                                                                                                     
   3 00628103   1  0.02589 627.0484  0.2000                                                                                                                                                                                                                     
   4 00628105   1  0.03035 624.3722  0.1264                                                                                                                                                                                                                     
   5 00628107   1  0.01367 624.7284  0.2000                                                                                                                                                                                                                     
   6 00628109   1  0.01288 720.2108  0.1303                                                                                                                                                                                                                     
   7 00516665   1  0.02283 656.9218  0.1263                                                                                                                                                                                                                     
   8 00642793   1  0.02269 654.5873  0.1119                                                                                                                                                                                                                     
   9 00625518   1  0.03380 635.2568  0.1338                                                                                                                                                                                                                     
  10 00642795   1  0.02937 669.8281  0.2260                                                                                                                                                                                                                     
  11 00626406   1  0.01749 651.8126  0.1903                                                                                                                                                                                                                     
  12 00626408   1  0.03608 618.4635  0.2000                                                                                                                                                                                                                     
  13 00626410   1  0.04674 715.1914  0.1996                                                                                                                                                                                                                     
  14 00626412   1  0.01786 640.3226  0.1707                                                                                                                                                                                                                     
  15 00626414   1  0.01874 666.4596  0.1640                                                                                                                                                                                                                     
  16 00626416   1  0.02507 630.2866  0.2000                                                                                                                                                                                                                     
  17 00625754   1  0.00839 733.7167  0.2000                                                                                                                                                                                                                     
  18 00626466   1  0.03679 636.5573  0.1864                                                                                                                                                                                                                     
  19 00626606   1  0.02401 682.0422  0.1241                                                                                                                                                                                                                     
  20 00628069   1  0.03129 635.1091  0.1893                                                                                                                                                                                                                     
  21 00516667   1  0.02650 677.7439  0.2315                                                                                                                                                                                                                     
  22 00516671   1  0.04020 695.6610  0.1938                                                                                                                                                                                                                     
  23 00625516   1  0.02482 637.6753  0.2000                                                                                                                                                                                                                     
  24 00642785   1  0.03243 668.1337  0.2263                                                                                                                                                                                                                     
  25 00626446   1  0.02411 658.6133  0.1155                                                                                                                                                                                                                     
  26 00626452   1  0.01762 690.8791  0.2288                                                                                                                                                                                                                     
  27 00626450   1  0.03744 678.2421  0.1966                                                                                                                                                                                                                     
  28 00626454   1  0.03797 701.2829  0.1605                                                                                                                                                                                                                     
  29 00626458   1  0.02769 658.0485  0.2423                                                                                                                                                                                                                     
  30 00626462   1  0.05143 680.0031  0.1768                                                                                                                                                                                                                     
  31 00626456   1  0.03029 701.8071  0.1993                                                                                                                                                                                                                     
  32 00642871   1  0.02874 656.4004  0.1115                                                                                                                                                                                                                     
  33 00642859   1  0.02589 659.8269  0.1498                                                                                                                                                                                                                     
  34 00642861   1  0.02145 674.7027  0.2146                                                                                                                                                                                                                     
  35 00642867   1  0.04550 656.6669  0.2595                                                                                                                                                                                                                     
  36 00642869   1  0.03692 680.3246  0.2538                                                                                                                                                                                                                     
  37 00642873   1  0.03580 644.3022  0.1681                                                                                                                                                                                                                     
  38 00642875   1  0.03728 654.7031  0.2309                                                                                                                                                                                                                     
  39 00626498   1  0.03601 695.8174  0.1835                                                                                                                                                                                                                     
  40 00626500   1  0.04860 698.6877  0.2485                                                                                                                                                                                                                     
  41 00626502   1  0.02967 669.2749  0.1633                                                                                                                                                                                                                     
  42 00626508   1  0.03860 710.1227  0.2397                                                                                                                                                                                                                     
  43 00626510   1  0.01125 719.2347  0.1759                                                                                                                                                                                                                     
  44 00626586   1  0.05402 699.8897  0.2191                                                                                                                                                                                                                     
  45 00626588   1  0.01852 670.5580  0.2092                                                                                                                                                                                                                     
  46 00626592   1  0.03129 677.7352  0.2289                                                                                                                                                                                                                     
