PAR File TN GSTDZALL Final Content:RD Level:21 Form:G Other:MA (12DEC07)                                                                                                                                                                                        
   1 00122221   1  0.02299 745.5774  0.2513                                                                                                                                                                                                                     
   2 00122229   1  0.02455 674.4942  0.1242                                                                                                                                                                                                                     
   3 00122231   1  0.03509 717.5114  0.2172                                                                                                                                                                                                                     
   4 00122233   1  0.03480 717.6301  0.2294                                                                                                                                                                                                                     
   5 00122235   1  0.03345 705.8013  0.3205                                                                                                                                                                                                                     
   6 00122191   1  0.01822 671.3777  0.1900                                                                                                                                                                                                                     
   7 00122193   1  0.01558 685.9204  0.1240                                                                                                                                                                                                                     
   8 00122197   1  0.02159 667.7514  0.1022                                                                                                                                                                                                                     
   9 00122199   1  0.01858 673.4196  0.1165                                                                                                                                                                                                                     
  10 00122201   1  0.01899 669.6572  0.1900                                                                                                                                                                                                                     
  11 00122203   1  0.03102 762.6487  0.2053                                                                                                                                                                                                                     
  12 00122147   1  0.01815 705.4305  0.0828                                                                                                                                                                                                                     
  13 00122149   1  0.02340 718.8843  0.2275                                                                                                                                                                                                                     
  14 00122151   1  0.03399 684.6547  0.1872                                                                                                                                                                                                                     
  15 00122157   1  0.03316 684.1334  0.2078                                                                                                                                                                                                                     
  16 00122159   1  0.01824 708.7759  0.1989                                                                                                                                                                                                                     
  17 00122161   1  0.01641 806.5696  0.1707                                                                                                                                                                                                                     
  18 00122239   4  0.02097  12.1288 14.2978 16.0859                                                                                                                                                                                                             
  19 00122241   3  0.02508  18.5717 17.7357                                                                                                                                                                                                                     
  20 00122243   4  0.01932  13.2215 14.8486 12.7290                                                                                                                                                                                                             
  21 00122879   1  0.03363 670.7839  0.1959                                                                                                                                                                                                                     
  22 00122881   1  0.01180 741.7281  0.2084                                                                                                                                                                                                                     
  23 00122883   1  0.02717 691.3685  0.1953                                                                                                                                                                                                                     
  24 00122885   1  0.02518 699.7073  0.1266                                                                                                                                                                                                                     
  25 00122887   1  0.02557 710.2878  0.2267                                                                                                                                                                                                                     
  26 00122909   1  0.03710 666.7145  0.1659                                                                                                                                                                                                                     
  27 00122911   1  0.03852 657.6980  0.1663                                                                                                                                                                                                                     
  28 00122913   1  0.02198 676.7736  0.0841                                                                                                                                                                                                                     
  29 00122915   1  0.02999 691.6495  0.1991                                                                                                                                                                                                                     
  30 00122939   1  0.03458 703.7622  0.1757                                                                                                                                                                                                                     
  31 00122941   1  0.05600 745.5687  0.2120                                                                                                                                                                                                                     
  32 00122943   1  0.02058 722.5916  0.2477                                                                                                                                                                                                                     
  33 00122945   1  0.04253 702.4762  0.2708                                                                                                                                                                                                                     
  34 00122951   1  0.06312 703.0236  0.3106                                                                                                                                                                                                                     
  35 00122953   1  0.03454 701.6971  0.1565                                                                                                                                                                                                                     
  36 00122955   1  0.03122 709.7548  0.2649                                                                                                                                                                                                                     
  37 00122977   3  0.03312  23.6444 24.6316                                                                                                                                                                                                                     
  38 00122979   4  0.02161  15.3959 16.3906 15.8505                                                                                                                                                                                                             
  39 00122981   4  0.02648  18.4590 18.8548 19.8125                                                                                                                                                                                                             
