PAR File TN GSTDZALL Final Content:RD Level:11 Form:G Other:CB (12DEC07)                                                                                                                                                                                        
   1 00621957   1  0.01419 514.4281  0.2833                                                                                                                                                                                                                     
   2 00621959   1  0.01411 533.1764  0.2393                                                                                                                                                                                                                     
   3 00621963   1  0.00881 475.2631  0.2833                                                                                                                                                                                                                     
   4 00621965   1  0.01439 488.8645  0.2833                                                                                                                                                                                                                     
   5 00621967   1  0.01517 460.8188  0.2833                                                                                                                                                                                                                     
   6 00621733   1  0.00808 551.3773  0.2833                                                                                                                                                                                                                     
   7 00621977   1  0.01244 462.5711  0.2833                                                                                                                                                                                                                     
   8 00622662   1  0.01272 521.3331  0.2833                                                                                                                                                                                                                     
   9 00621723   1  0.01387 530.3553  0.2833                                                                                                                                                                                                                     
  10 00621727   1  0.01634 472.1987  0.2833                                                                                                                                                                                                                     
  11 00621725   1  0.01548 606.3508  0.2350                                                                                                                                                                                                                     
  12 00621971   1  0.01384 517.7734  0.2833                                                                                                                                                                                                                     
  13 00621973   1  0.01661 495.6566  0.2833                                                                                                                                                                                                                     
  14 00622072   1  0.03245 481.8147  0.2833                                                                                                                                                                                                                     
  15 00621981   1  0.03319 486.4055  0.2833                                                                                                                                                                                                                     
  16 00621670   1  0.02854 459.4778  0.2833                                                                                                                                                                                                                     
  17 00622074   1  0.03172 522.4308  0.3186                                                                                                                                                                                                                     
  18 00622078   1  0.03213 542.7374  0.2142                                                                                                                                                                                                                     
  19 00622076   1  0.01954 569.0163  0.3050                                                                                                                                                                                                                     
  20 00622080   1  0.03882 520.5366  0.4287                                                                                                                                                                                                                     
  21 00622082   1  0.02463 543.9626  0.1873                                                                                                                                                                                                                     
  22 00622084   1  0.04046 557.7407  0.3965                                                                                                                                                                                                                     
  23 00621983   1  0.02523 532.4031  0.3263                                                                                                                                                                                                                     
  24 00621987   1  0.02424 543.0676  0.3753                                                                                                                                                                                                                     
  25 00622098   1  0.02263 577.4535  0.2017                                                                                                                                                                                                                     
  26 00622100   1  0.02918 553.7089  0.1700                                                                                                                                                                                                                     
  27 00622102   1  0.02910 552.2636  0.3637                                                                                                                                                                                                                     
  28 00622104   1  0.03352 550.2912  0.2316                                                                                                                                                                                                                     
  29 00622106   1  0.01249 552.2607  0.2833                                                                                                                                                                                                                     
  30 00622108   1  0.02463 589.3345  0.3221                                                                                                                                                                                                                     
  31 00622110   1  0.02854 586.0848  0.2598                                                                                                                                                                                                                     
  32 00622112   1  0.02377 545.6599  0.1490                                                                                                                                                                                                                     
  33 00621991   1  0.02150 597.4097  0.3744                                                                                                                                                                                                                     
  34 00622021   1  0.01747 583.5533  0.2716                                                                                                                                                                                                                     
  35 00622023   1  0.02292 585.2448  0.2861                                                                                                                                                                                                                     
  36 00622116   1  0.02194 577.8214  0.4722                                                                                                                                                                                                                     
  37 00622118   1  0.03261 595.6139  0.3557                                                                                                                                                                                                                     
  38 00622120   1  0.04205 561.7927  0.3487                                                                                                                                                                                                                     
  39 00622122   1  0.02448 568.4168  0.2792                                                                                                                                                                                                                     
  40 00622124   1  0.02994 500.4385  0.5306                                                                                                                                                                                                                     
