PAR File TN GSTDZALL Final Content:RD Level:14 Form:G Other:SV (12DEC07)                                                                                                                                                                                        
   1 00515906   1  0.03139 676.6143  0.1352                                                                                                                                                                                                                     
   2 00515908   1  0.04081 619.4686  0.2012                                                                                                                                                                                                                     
   3 00515904   1  0.02960 590.3859  0.1366                                                                                                                                                                                                                     
   4 00515912   1  0.04293 655.9399  0.1430                                                                                                                                                                                                                     
   5 00624817   1  0.04029 576.3732  0.2000                                                                                                                                                                                                                     
   6 00624819   1  0.03859 579.1074  0.2000                                                                                                                                                                                                                     
   7 00624821   1  0.03044 610.4898  0.1388                                                                                                                                                                                                                     
   8 00623714   1  0.03325 585.5084  0.1260                                                                                                                                                                                                                     
   9 00623716   1  0.02796 671.6036  0.1399                                                                                                                                                                                                                     
  10 00623720   1  0.03322 597.3199  0.2000                                                                                                                                                                                                                     
  11 00623722   1  0.02543 598.4292  0.2000                                                                                                                                                                                                                     
  12 00623724   1  0.03503 617.9885  0.1886                                                                                                                                                                                                                     
  13 00642070   1  0.00637 677.5209  0.2000                                                                                                                                                                                                                     
  14 00642118   1  0.04110 603.4399  0.1652                                                                                                                                                                                                                     
  15 00642120   1  0.01935 611.3992  0.2000                                                                                                                                                                                                                     
  16 00642122   1  0.01589 634.2778  0.2000                                                                                                                                                                                                                     
  17 00642124   1  0.01929 630.1360  0.1191                                                                                                                                                                                                                     
  18 00624576   1  0.03641 610.0843  0.1851                                                                                                                                                                                                                     
  19 00624578   1  0.02964 619.0515  0.1923                                                                                                                                                                                                                     
  20 00624582   1  0.01893 611.6715  0.1337                                                                                                                                                                                                                     
  21 00624586   1  0.01888 622.2201  0.1343                                                                                                                                                                                                                     
  22 00624588   1  0.03043 619.0167  0.1565                                                                                                                                                                                                                     
  23 00624674   1  0.02307 626.6342  0.1402                                                                                                                                                                                                                     
  24 00624678   1  0.02510 616.1319  0.2165                                                                                                                                                                                                                     
  25 00624682   1  0.04957 629.2091  0.1840                                                                                                                                                                                                                     
  26 00624686   1  0.03234 594.7595  0.1118                                                                                                                                                                                                                     
  27 00624688   1  0.04099 632.8383  0.2266                                                                                                                                                                                                                     
  28 00642188   1  0.02103 633.3625  0.1485                                                                                                                                                                                                                     
  29 00624837   1  0.04774 616.5113  0.2125                                                                                                                                                                                                                     
  30 00620802   1  0.02872 615.3962  0.2041                                                                                                                                                                                                                     
  31 00624841   1  0.04689 619.7524  0.2246                                                                                                                                                                                                                     
  32 00624843   1  0.05978 625.0152  0.2370                                                                                                                                                                                                                     
  33 00624618   1  0.05305 668.5653  0.2086                                                                                                                                                                                                                     
