PAR File TN GSTDZALL Final Content:RD Level:14 Form:G Other:CB (12DEC07)                                                                                                                                                                                        
   1 00515906   1  0.03139 676.6143  0.1352                                                                                                                                                                                                                     
   2 00515908   1  0.04081 619.4686  0.2012                                                                                                                                                                                                                     
   3 00515904   1  0.02960 590.3859  0.1366                                                                                                                                                                                                                     
   4 00515912   1  0.04293 655.9399  0.1430                                                                                                                                                                                                                     
   5 00624815   1  0.02370 580.3441  0.2000                                                                                                                                                                                                                     
   6 00624817   1  0.04029 576.3732  0.2000                                                                                                                                                                                                                     
   7 00624819   1  0.03859 579.1074  0.2000                                                                                                                                                                                                                     
   8 00624821   1  0.03044 610.4898  0.1388                                                                                                                                                                                                                     
   9 00623714   1  0.03325 585.5084  0.1260                                                                                                                                                                                                                     
  10 00623716   1  0.02796 671.6036  0.1399                                                                                                                                                                                                                     
  11 00623720   1  0.03322 597.3199  0.2000                                                                                                                                                                                                                     
  12 00623722   1  0.02543 598.4292  0.2000                                                                                                                                                                                                                     
  13 00623724   1  0.03503 617.9885  0.1886                                                                                                                                                                                                                     
  14 00642086   1  0.05114 619.1731  0.1904                                                                                                                                                                                                                     
  15 00642070   1  0.00637 677.5209  0.2000                                                                                                                                                                                                                     
  16 00482136   1  0.03484 588.9030  0.1710                                                                                                                                                                                                                     
  17 00642118   1  0.04110 603.4399  0.1652                                                                                                                                                                                                                     
  18 00642120   1  0.01935 611.3992  0.2000                                                                                                                                                                                                                     
  19 00642122   1  0.01589 634.2778  0.2000                                                                                                                                                                                                                     
  20 00642124   1  0.01929 630.1360  0.1191                                                                                                                                                                                                                     
  21 00642126   1  0.02233 646.9032  0.2389                                                                                                                                                                                                                     
  22 00620680   1  0.04428 641.7186  0.2760                                                                                                                                                                                                                     
  23 00624616   1  0.04592 630.0954  0.2095                                                                                                                                                                                                                     
  24 00624711   1  0.02542 689.5380  0.1790                                                                                                                                                                                                                     
  25 00624713   1  0.02724 617.0008  0.1377                                                                                                                                                                                                                     
  26 00624715   1  0.02887 633.3365  0.1611                                                                                                                                                                                                                     
  27 00624721   1  0.02672 620.7430  0.1742                                                                                                                                                                                                                     
  28 00624723   1  0.02092 673.8773  0.2105                                                                                                                                                                                                                     
  29 00624725   1  0.01891 617.0790  0.2000                                                                                                                                                                                                                     
  30 00624576   1  0.03641 610.0843  0.1851                                                                                                                                                                                                                     
  31 00624578   1  0.02964 619.0515  0.1923                                                                                                                                                                                                                     
  32 00624582   1  0.01893 611.6715  0.1337                                                                                                                                                                                                                     
  33 00624584   1  0.01673 633.6377  0.1736                                                                                                                                                                                                                     
  34 00624586   1  0.01888 622.2201  0.1343                                                                                                                                                                                                                     
  35 00624588   1  0.03043 619.0167  0.1565                                                                                                                                                                                                                     
  36 00624674   1  0.02307 626.6342  0.1402                                                                                                                                                                                                                     
  37 00624678   1  0.02510 616.1319  0.2165                                                                                                                                                                                                                     
  38 00624682   1  0.04957 629.2091  0.1840                                                                                                                                                                                                                     
  39 00624686   1  0.03234 594.7595  0.1118                                                                                                                                                                                                                     
  40 00624688   1  0.04099 632.8383  0.2266                                                                                                                                                                                                                     
  41 00642188   1  0.02103 633.3625  0.1485                                                                                                                                                                                                                     
  42 00624837   1  0.04774 616.5113  0.2125                                                                                                                                                                                                                     
  43 00620802   1  0.02872 615.3962  0.2041                                                                                                                                                                                                                     
  44 00624841   1  0.04689 619.7524  0.2246                                                                                                                                                                                                                     
  45 00624843   1  0.05978 625.0152  0.2370                                                                                                                                                                                                                     
  46 00624618   1  0.05305 668.5653  0.2086                                                                                                                                                                                                                     
