PAR File TN GSTDZALL Final Content:RD Level:13 Form:G Other:SV (12DEC07)                                                                                                                                                                                        
   1 00623623   1  0.03388 576.5308  0.1494                                                                                                                                                                                                                     
   2 00623625   1  0.01973 587.6910  0.2000                                                                                                                                                                                                                     
   3 00623627   1  0.03672 573.4115  0.2000                                                                                                                                                                                                                     
   4 00623629   1  0.02948 595.6967  0.2000                                                                                                                                                                                                                     
   5 00623631   1  0.01555 592.0741  0.2000                                                                                                                                                                                                                     
   6 00623633   1  0.02383 605.5363  0.1498                                                                                                                                                                                                                     
   7 00623520   1  0.02551 569.6624  0.1627                                                                                                                                                                                                                     
   8 00623522   1  0.02291 615.7935  0.1797                                                                                                                                                                                                                     
   9 00623524   1  0.03367 602.6031  0.1823                                                                                                                                                                                                                     
  10 00623526   1  0.03905 595.8242  0.1345                                                                                                                                                                                                                     
  11 00623528   1  0.01382 618.9651  0.2000                                                                                                                                                                                                                     
  12 00641984   1  0.01911 630.0496  0.1901                                                                                                                                                                                                                     
  13 00641986   1  0.03148 617.1331  0.1921                                                                                                                                                                                                                     
  14 00623635   1  0.03339 553.3552  0.2000                                                                                                                                                                                                                     
  15 00641970   1  0.01691 624.1146  0.1699                                                                                                                                                                                                                     
  16 00623562   1  0.05178 599.1950  0.2987                                                                                                                                                                                                                     
  17 00623564   1  0.03091 606.4546  0.1980                                                                                                                                                                                                                     
  18 00623566   1  0.02866 602.4975  0.2043                                                                                                                                                                                                                     
  19 00623568   1  0.04743 626.5958  0.1812                                                                                                                                                                                                                     
  20 00623570   1  0.01736 601.2181  0.2000                                                                                                                                                                                                                     
  21 00642032   1  0.03123 627.5219  0.2109                                                                                                                                                                                                                     
  22 00642042   1  0.03527 636.8462  0.1912                                                                                                                                                                                                                     
  23 00822528   1  0.04856 667.0377  0.1855                                                                                                                                                                                                                     
  24 00822530   1  0.05935 630.0575  0.2543                                                                                                                                                                                                                     
  25 00642044   1  0.01412 676.6193  0.1911                                                                                                                                                                                                                     
  26 00822532   1  0.03047 651.4307  0.2288                                                                                                                                                                                                                     
  27 00642052   1  0.02705 662.3929  0.2640                                                                                                                                                                                                                     
  28 00483454   1  0.03139 618.8973  0.2083                                                                                                                                                                                                                     
  29 00483456   1  0.04507 623.2800  0.1912                                                                                                                                                                                                                     
  30 00483603   1  0.01277 621.4336  0.2000                                                                                                                                                                                                                     
