PAR File TN GSTDZALL Final Content:RD Level:20 Form:G Other:MA (12DEC07)                                                                                                                                                                                        
   1 00629478   1  0.02731 665.1649  0.2000                                                                                                                                                                                                                     
   2 00629480   1  0.01441 722.8031  0.2240                                                                                                                                                                                                                     
   3 00629482   1  0.01254 673.7846  0.2000                                                                                                                                                                                                                     
   4 00629484   1  0.01872 711.0756  0.1766                                                                                                                                                                                                                     
   5 00629488   1  0.01502 712.8395  0.2283                                                                                                                                                                                                                     
   6 00629490   1  0.02436 735.1880  0.1707                                                                                                                                                                                                                     
   7 00629496   1  0.00391 777.0322  0.2000                                                                                                                                                                                                                     
   8 00629438   1  0.01571 689.1702  0.1589                                                                                                                                                                                                                     
   9 00629440   1  0.01124 755.9638  0.1477                                                                                                                                                                                                                     
  10 00629442   1  0.01728 667.7137  0.1335                                                                                                                                                                                                                     
  11 00629444   1  0.01574 687.4439  0.1284                                                                                                                                                                                                                     
  12 00629446   1  0.00912 736.3118  0.1596                                                                                                                                                                                                                     
  13 00629448   1  0.02119 685.5497  0.0858                                                                                                                                                                                                                     
  14 00629498   1  0.01834 701.4248  0.1839                                                                                                                                                                                                                     
  15 00629421   1  0.03367 676.3768  0.1098                                                                                                                                                                                                                     
  16 00629423   1  0.02158 738.6927  0.2440                                                                                                                                                                                                                     
  17 00629153   3  0.02451  15.4918 17.3780                                                                                                                                                                                                                     
  18 00629427   4  0.02184  13.5485 15.9828 16.2687                                                                                                                                                                                                             
  19 00629502   4  0.02079  14.0210 15.0546 15.9906                                                                                                                                                                                                             
  20 00629602   1  0.02262 689.6568  0.1020                                                                                                                                                                                                                     
  21 00629604   1  0.02868 709.6216  0.2817                                                                                                                                                                                                                     
  22 00629606   1  0.03070 701.8042  0.1711                                                                                                                                                                                                                     
  23 00629610   1  0.02251 678.8909  0.1493                                                                                                                                                                                                                     
  24 00629612   1  0.03390 682.1638  0.2161                                                                                                                                                                                                                     
  25 00629614   1  0.01684 698.6211  0.1809                                                                                                                                                                                                                     
  26 00629616   1  0.01983 706.3197  0.1685                                                                                                                                                                                                                     
  27 00629620   1  0.02394 684.5099  0.1578                                                                                                                                                                                                                     
  28 00629626   1  0.00879 763.2164  0.1700                                                                                                                                                                                                                     
  29 00629624   1  0.03159 671.2097  0.1814                                                                                                                                                                                                                     
  30 00629574   1  0.02479 668.7564  0.1444                                                                                                                                                                                                                     
  31 00629576   1  0.02056 716.9466  0.1737                                                                                                                                                                                                                     
  32 00122641   1  0.03943 712.4166  0.2460                                                                                                                                                                                                                     
  33 00122643   1  0.01171 715.1074  0.1785                                                                                                                                                                                                                     
  34 00122647   1  0.02155 767.1005  0.2795                                                                                                                                                                                                                     
  35 00122649   1  0.02399 720.9668  0.2695                                                                                                                                                                                                                     
  36 00122651   1  0.03192 736.5175  0.2336                                                                                                                                                                                                                     
  37 00629636   3  0.03300  21.5372 22.2080                                                                                                                                                                                                                     
  38 00629638   4  0.02215  15.7029 15.1753 16.4412                                                                                                                                                                                                             
  39 00629571   3  0.01913  13.4151 14.1713                                                                                                                                                                                                                     
