PAR File TN GSTDZALL Final Content:RD Level:12 Form:G Other:MA (12DEC07)                                                                                                                                                                                        
   1 00622636   1  0.01701 502.3501  0.2833                                                                                                                                                                                                                     
   2 00622640   1  0.02430 527.6791  0.2833                                                                                                                                                                                                                     
   3 00622642   1  0.02206 525.3243  0.2833                                                                                                                                                                                                                     
   4 00622644   1  0.02065 547.7568  0.2833                                                                                                                                                                                                                     
   5 00622527   1  0.03158 546.0277  0.2833                                                                                                                                                                                                                     
   6 00622529   1  0.01959 555.2788  0.2866                                                                                                                                                                                                                     
   7 00622531   1  0.04001 558.1636  0.2924                                                                                                                                                                                                                     
   8 00622533   1  0.02097 598.7362  0.2111                                                                                                                                                                                                                     
   9 00622535   1  0.02793 640.8265  0.2508                                                                                                                                                                                                                     
  10 00622539   1  0.02216 517.3708  0.2833                                                                                                                                                                                                                     
  11 00622664   1  0.01986 515.8850  0.2833                                                                                                                                                                                                                     
  12 00622717   1  0.02076 590.8551  0.1392                                                                                                                                                                                                                     
  13 00622545   1  0.02000 524.5278  0.2833                                                                                                                                                                                                                     
  14 00622547   1  0.01718 507.1755  0.2833                                                                                                                                                                                                                     
  15 00622549   1  0.01768 503.6014  0.2833                                                                                                                                                                                                                     
  16 00622551   1  0.01889 614.9473  0.1278                                                                                                                                                                                                                     
  17 00622693   1  0.02797 554.2071  0.1170                                                                                                                                                                                                                     
  18 00622695   1  0.02301 560.0607  0.1464                                                                                                                                                                                                                     
  19 00622697   1  0.02920 538.0742  0.1785                                                                                                                                                                                                                     
  20 00622699   1  0.03025 586.1833  0.2675                                                                                                                                                                                                                     
  21 00622701   1  0.02653 572.4399  0.2074                                                                                                                                                                                                                     
  22 00622668   1  0.01849 524.2613  0.2833                                                                                                                                                                                                                     
  23 00622672   1  0.03729 656.7046  0.5982                                                                                                                                                                                                                     
  24 00622573   2  0.02613  14.8633                                                                                                                                                                                                                             
  25 00623260   4  0.01827  10.0500  8.8278  9.2462                                                                                                                                                                                                             
  26 00622738   3  0.02427  13.0919 13.3017                                                                                                                                                                                                                     
  27 00622740   2  0.02206  13.5421                                                                                                                                                                                                                             
  28 00622628   3  0.04560  24.5495 24.3558                                                                                                                                                                                                                     
  29 00622705   1  0.01775 583.5041  0.1689                                                                                                                                                                                                                     
  30 00622707   1  0.03619 583.3911  0.1771                                                                                                                                                                                                                     
  31 00622709   1  0.01479 583.5504  0.2000                                                                                                                                                                                                                     
  32 00622711   1  0.01747 566.5950  0.2372                                                                                                                                                                                                                     
  33 00622713   1  0.04166 554.3838  0.2370                                                                                                                                                                                                                     
  34 00622727   1  0.03159 613.0704  0.2535                                                                                                                                                                                                                     
  35 00622729   1  0.03029 632.3720  0.1484                                                                                                                                                                                                                     
  36 00622735   1  0.02864 600.0570  0.1623                                                                                                                                                                                                                     
  37 00622597   1  0.02798 566.3053  0.2151                                                                                                                                                                                                                     
  38 00622599   1  0.03616 572.6397  0.2035                                                                                                                                                                                                                     
  39 00622601   1  0.02521 590.0847  0.2420                                                                                                                                                                                                                     
  40 00622605   1  0.03968 593.3576  0.1887                                                                                                                                                                                                                     
  41 00622607   1  0.01875 579.4839  0.1299                                                                                                                                                                                                                     
  42 00622609   1  0.01658 628.8065  0.1490                                                                                                                                                                                                                     
  43 00622621   1  0.02415 583.2492  0.2000                                                                                                                                                                                                                     
  44 00622569   1  0.01492 621.8117  0.2102                                                                                                                                                                                                                     
  45 00622591   1  0.02499 601.3401  0.1657                                                                                                                                                                                                                     
  46 00622744   2  0.01851  10.5863                                                                                                                                                                                                                             
  47 00623267   4  0.01605   8.4707  7.6617  8.0185                                                                                                                                                                                                             
  48 00622634   2  0.03038  16.1976                                                                                                                                                                                                                             
  49 00623263   4  0.01821   9.9012  8.6847  9.1039                                                                                                                                                                                                             
  50 00622577   4  0.02694  14.9116 16.5276 17.2299                                                                                                                                                                                                             
