PAR File TN GSTDZALL Final Content:RD Level:12 Form:G Other:CB (12DEC07)                                                                                                                                                                                        
   1 00622636   1  0.01701 502.3501  0.2833                                                                                                                                                                                                                     
   2 00622640   1  0.02430 527.6791  0.2833                                                                                                                                                                                                                     
   3 00622642   1  0.02206 525.3243  0.2833                                                                                                                                                                                                                     
   4 00622644   1  0.02065 547.7568  0.2833                                                                                                                                                                                                                     
   5 00622646   1  0.02787 510.0980  0.2833                                                                                                                                                                                                                     
   6 00622648   1  0.04212 547.7771  0.2104                                                                                                                                                                                                                     
   7 00622650   1  0.02364 560.5560  0.2452                                                                                                                                                                                                                     
   8 00622652   1  0.01396 584.7148  0.2841                                                                                                                                                                                                                     
   9 00622654   1  0.02683 583.2869  0.2203                                                                                                                                                                                                                     
  10 00622656   1  0.03124 562.7891  0.2192                                                                                                                                                                                                                     
  11 00622666   1  0.02422 545.4803  0.2833                                                                                                                                                                                                                     
  12 00622668   1  0.01849 524.2613  0.2833                                                                                                                                                                                                                     
  13 00622527   1  0.03158 546.0277  0.2833                                                                                                                                                                                                                     
  14 00622529   1  0.01959 555.2788  0.2866                                                                                                                                                                                                                     
  15 00622531   1  0.04001 558.1636  0.2924                                                                                                                                                                                                                     
  16 00622533   1  0.02097 598.7362  0.2111                                                                                                                                                                                                                     
  17 00622535   1  0.02793 640.8265  0.2508                                                                                                                                                                                                                     
  18 00622537   1  0.03326 577.1784  0.2273                                                                                                                                                                                                                     
  19 00622539   1  0.02216 517.3708  0.2833                                                                                                                                                                                                                     
  20 00622541   1  0.01938 545.9727  0.2833                                                                                                                                                                                                                     
  21 00622664   1  0.01986 515.8850  0.2833                                                                                                                                                                                                                     
  22 00622543   1  0.01511 573.3117  0.2833                                                                                                                                                                                                                     
  23 00622717   1  0.02076 590.8551  0.1392                                                                                                                                                                                                                     
  24 00622545   1  0.02000 524.5278  0.2833                                                                                                                                                                                                                     
  25 00622547   1  0.01718 507.1755  0.2833                                                                                                                                                                                                                     
  26 00622549   1  0.01768 503.6014  0.2833                                                                                                                                                                                                                     
  27 00622551   1  0.01889 614.9473  0.1278                                                                                                                                                                                                                     
  28 00622693   1  0.02797 554.2071  0.1170                                                                                                                                                                                                                     
  29 00622695   1  0.02301 560.0607  0.1464                                                                                                                                                                                                                     
  30 00622697   1  0.02920 538.0742  0.1785                                                                                                                                                                                                                     
  31 00622699   1  0.03025 586.1833  0.2675                                                                                                                                                                                                                     
  32 00622701   1  0.02653 572.4399  0.2074                                                                                                                                                                                                                     
  33 00622705   1  0.01775 583.5041  0.1689                                                                                                                                                                                                                     
  34 00622707   1  0.03619 583.3911  0.1771                                                                                                                                                                                                                     
  35 00622709   1  0.01479 583.5504  0.2000                                                                                                                                                                                                                     
  36 00622711   1  0.01747 566.5950  0.2372                                                                                                                                                                                                                     
  37 00622713   1  0.04166 554.3838  0.2370                                                                                                                                                                                                                     
  38 00622727   1  0.03159 613.0704  0.2535                                                                                                                                                                                                                     
  39 00622729   1  0.03029 632.3720  0.1484                                                                                                                                                                                                                     
  40 00622735   1  0.02864 600.0570  0.1623                                                                                                                                                                                                                     
  41 00623542   1  0.04041 548.3216  0.2033                                                                                                                                                                                                                     
  42 00622672   1  0.03729 656.7046  0.5982                                                                                                                                                                                                                     
  43 00622597   1  0.02798 566.3053  0.2151                                                                                                                                                                                                                     
  44 00622599   1  0.03616 572.6397  0.2035                                                                                                                                                                                                                     
  45 00622601   1  0.02521 590.0847  0.2420                                                                                                                                                                                                                     
  46 00622605   1  0.03968 593.3576  0.1887                                                                                                                                                                                                                     
  47 00622607   1  0.01875 579.4839  0.1299                                                                                                                                                                                                                     
  48 00622609   1  0.01658 628.8065  0.1490                                                                                                                                                                                                                     
  49 00622621   1  0.02415 583.2492  0.2000                                                                                                                                                                                                                     
  50 00622567   1  0.01963 571.9127  0.1777                                                                                                                                                                                                                     
  51 00622569   1  0.01492 621.8117  0.2102                                                                                                                                                                                                                     
  52 00622591   1  0.02499 601.3401  0.1657                                                                                                                                                                                                                     
