PAR File TN GSTDZALL Final Content:RD Level:19 Form:G Other:CB (12DEC07)                                                                                                                                                                                        
   1 00629523   1  0.01912 659.7371  0.1850                                                                                                                                                                                                                     
   2 00629513   1  0.03219 698.4068  0.2838                                                                                                                                                                                                                     
   3 00629511   1  0.01349 754.5562  0.1260                                                                                                                                                                                                                     
   4 00629515   1  0.03080 646.5498  0.1614                                                                                                                                                                                                                     
   5 00629521   1  0.02407 701.2452  0.2807                                                                                                                                                                                                                     
   6 00629231   1  0.01087 717.1493  0.2000                                                                                                                                                                                                                     
   7 00629233   1  0.01165 758.7907  0.1483                                                                                                                                                                                                                     
   8 00629235   1  0.01406 670.4566  0.2000                                                                                                                                                                                                                     
   9 00629237   1  0.02652 672.2524  0.2228                                                                                                                                                                                                                     
  10 00629239   1  0.01611 642.9554  0.2000                                                                                                                                                                                                                     
  11 00629243   1  0.02123 643.2450  0.1850                                                                                                                                                                                                                     
  12 00629245   1  0.01392 657.9355  0.1850                                                                                                                                                                                                                     
  13 00629247   1  0.02200 721.5924  0.2423                                                                                                                                                                                                                     
  14 00482992   1  0.01587 640.0590  0.2000                                                                                                                                                                                                                     
  15 00482994   1  0.02266 658.8508  0.1825                                                                                                                                                                                                                     
  16 00482996   1  0.01548 739.4168  0.1475                                                                                                                                                                                                                     
  17 00629271   1  0.01803 668.8346  0.1048                                                                                                                                                                                                                     
  18 00629277   1  0.01456 698.5255  0.1029                                                                                                                                                                                                                     
  19 00629279   1  0.02350 723.9442  0.2733                                                                                                                                                                                                                     
  20 00629283   1  0.02127 654.2832  0.1197                                                                                                                                                                                                                     
  21 00629287   1  0.02423 681.6772  0.1721                                                                                                                                                                                                                     
  22 00629289   1  0.02658 684.7069  0.1507                                                                                                                                                                                                                     
  23 00629095   1  0.01461 688.9095  0.1603                                                                                                                                                                                                                     
  24 00629097   1  0.02557 750.6287  0.2958                                                                                                                                                                                                                     
  25 00629099   1  0.04628 747.2515  0.3291                                                                                                                                                                                                                     
  26 00629101   1  0.01616 680.8576  0.1057                                                                                                                                                                                                                     
  27 00629103   1  0.04063 651.2883  0.2477                                                                                                                                                                                                                     
  28 00629348   1  0.02832 694.3229  0.1755                                                                                                                                                                                                                     
  29 00629352   1  0.03662 667.9425  0.2325                                                                                                                                                                                                                     
  30 00628171   1  0.02358 682.1204  0.2733                                                                                                                                                                                                                     
  31 00628173   1  0.02549 717.0016  0.2137                                                                                                                                                                                                                     
  32 00628175   1  0.01657 691.2353  0.0942                                                                                                                                                                                                                     
  33 00628181   1  0.02672 701.2742  0.2143                                                                                                                                                                                                                     
  34 00628187   1  0.01795 779.6795  0.2525                                                                                                                                                                                                                     
  35 00628189   1  0.03199 672.1944  0.1415                                                                                                                                                                                                                     
  36 00628191   1  0.02678 709.1669  0.2490                                                                                                                                                                                                                     
  37 00642896   1  0.03763 701.8651  0.2366                                                                                                                                                                                                                     
  38 00642900   1  0.02322 677.7613  0.0990                                                                                                                                                                                                                     
  39 00642904   1  0.03825 694.1665  0.2511                                                                                                                                                                                                                     
  40 00642906   1  0.03452 683.4122  0.2003                                                                                                                                                                                                                     
  41 00642908   1  0.02703 700.9643  0.1784                                                                                                                                                                                                                     
  42 00642912   1  0.01892 683.6728  0.1926                                                                                                                                                                                                                     
  43 00629354   1  0.03417 705.2741  0.2031                                                                                                                                                                                                                     
  44 00629356   1  0.03657 675.0416  0.2010                                                                                                                                                                                                                     
  45 00629358   1  0.04207 664.0064  0.2255                                                                                                                                                                                                                     
  46 00629198   1  0.03524 667.5689  0.1805                                                                                                                                                                                                                     
