PAR File TN GSTDZALL Final Content:RD Level:20 Form:G Other:CB (12DEC07)                                                                                                                                                                                        
   1 00629478   1  0.02731 665.1649  0.2000                                                                                                                                                                                                                     
   2 00629480   1  0.01441 722.8031  0.2240                                                                                                                                                                                                                     
   3 00629482   1  0.01254 673.7846  0.2000                                                                                                                                                                                                                     
   4 00629484   1  0.01872 711.0756  0.1766                                                                                                                                                                                                                     
   5 00629488   1  0.01502 712.8395  0.2283                                                                                                                                                                                                                     
   6 00629490   1  0.02436 735.1880  0.1707                                                                                                                                                                                                                     
   7 00629496   1  0.00391 777.0322  0.2000                                                                                                                                                                                                                     
   8 00629438   1  0.01571 689.1702  0.1589                                                                                                                                                                                                                     
   9 00629440   1  0.01124 755.9638  0.1477                                                                                                                                                                                                                     
  10 00629442   1  0.01728 667.7137  0.1335                                                                                                                                                                                                                     
  11 00629444   1  0.01574 687.4439  0.1284                                                                                                                                                                                                                     
  12 00629446   1  0.00912 736.3118  0.1596                                                                                                                                                                                                                     
  13 00629448   1  0.02119 685.5497  0.0858                                                                                                                                                                                                                     
  14 00629498   1  0.01834 701.4248  0.1839                                                                                                                                                                                                                     
  15 00629421   1  0.03367 676.3768  0.1098                                                                                                                                                                                                                     
  16 00629423   1  0.02158 738.6927  0.2440                                                                                                                                                                                                                     
  17 00629541   1  0.02395 685.9465  0.1892                                                                                                                                                                                                                     
  18 00629545   1  0.02795 705.0887  0.1804                                                                                                                                                                                                                     
  19 00629547   1  0.03604 695.7044  0.2987                                                                                                                                                                                                                     
  20 00629549   1  0.02975 690.6300  0.1380                                                                                                                                                                                                                     
  21 00629551   1  0.03580 693.6277  0.2292                                                                                                                                                                                                                     
  22 00629553   1  0.02505 719.8430  0.2072                                                                                                                                                                                                                     
  23 00629555   1  0.03284 679.2790  0.3072                                                                                                                                                                                                                     
  24 00629324   1  0.02534 670.9258  0.1087                                                                                                                                                                                                                     
  25 00629312   1  0.02863 691.8638  0.2049                                                                                                                                                                                                                     
  26 00629314   1  0.02088 677.5673  0.1230                                                                                                                                                                                                                     
  27 00629318   1  0.01576 731.8137  0.1172                                                                                                                                                                                                                     
  28 00629320   1  0.01782 701.1526  0.1790                                                                                                                                                                                                                     
  29 00629602   1  0.02262 689.6568  0.1020                                                                                                                                                                                                                     
  30 00629604   1  0.02868 709.6216  0.2817                                                                                                                                                                                                                     
  31 00629606   1  0.03070 701.8042  0.1711                                                                                                                                                                                                                     
  32 00629610   1  0.02251 678.8909  0.1493                                                                                                                                                                                                                     
  33 00629612   1  0.03390 682.1638  0.2161                                                                                                                                                                                                                     
  34 00629614   1  0.01684 698.6211  0.1809                                                                                                                                                                                                                     
  35 00629616   1  0.01983 706.3197  0.1685                                                                                                                                                                                                                     
  36 00629620   1  0.02394 684.5099  0.1578                                                                                                                                                                                                                     
  37 00629618   1  0.04320 680.9415  0.1537                                                                                                                                                                                                                     
  38 00629626   1  0.00879 763.2164  0.1700                                                                                                                                                                                                                     
  39 00629624   1  0.03159 671.2097  0.1814                                                                                                                                                                                                                     
  40 00629574   1  0.02479 668.7564  0.1444                                                                                                                                                                                                                     
  41 00629576   1  0.02056 716.9466  0.1737                                                                                                                                                                                                                     
  42 00122641   1  0.03943 712.4166  0.2460                                                                                                                                                                                                                     
  43 00122643   1  0.01171 715.1074  0.1785                                                                                                                                                                                                                     
  44 00122647   1  0.02155 767.1005  0.2795                                                                                                                                                                                                                     
  45 00122649   1  0.02399 720.9668  0.2695                                                                                                                                                                                                                     
  46 00122651   1  0.03192 736.5175  0.2336                                                                                                                                                                                                                     
