PAR File TN GSTDZALL Final Content:RD Level:21 Form:G Other:CB (12DEC07)                                                                                                                                                                                        
   1 00122221   1  0.02299 745.5774  0.2513                                                                                                                                                                                                                     
   2 00122229   1  0.02455 674.4942  0.1242                                                                                                                                                                                                                     
   3 00122231   1  0.03509 717.5114  0.2172                                                                                                                                                                                                                     
   4 00122233   1  0.03480 717.6301  0.2294                                                                                                                                                                                                                     
   5 00122235   1  0.03345 705.8013  0.3205                                                                                                                                                                                                                     
   6 00122191   1  0.01822 671.3777  0.1900                                                                                                                                                                                                                     
   7 00122193   1  0.01558 685.9204  0.1240                                                                                                                                                                                                                     
   8 00122195   1  0.02688 657.9500  0.1697                                                                                                                                                                                                                     
   9 00122197   1  0.02159 667.7514  0.1022                                                                                                                                                                                                                     
  10 00122199   1  0.01858 673.4196  0.1165                                                                                                                                                                                                                     
  11 00122201   1  0.01899 669.6572  0.1900                                                                                                                                                                                                                     
  12 00122203   1  0.03102 762.6487  0.2053                                                                                                                                                                                                                     
  13 00122147   1  0.01815 705.4305  0.0828                                                                                                                                                                                                                     
  14 00122149   1  0.02340 718.8843  0.2275                                                                                                                                                                                                                     
  15 00122151   1  0.03399 684.6547  0.1872                                                                                                                                                                                                                     
  16 00122157   1  0.03316 684.1334  0.2078                                                                                                                                                                                                                     
  17 00122159   1  0.01824 708.7759  0.1989                                                                                                                                                                                                                     
  18 00122161   1  0.01641 806.5696  0.1707                                                                                                                                                                                                                     
  19 00122247   1  0.03687 702.7224  0.3247                                                                                                                                                                                                                     
  20 00122253   1  0.03409 708.7382  0.2164                                                                                                                                                                                                                     
  21 00122257   1  0.04064 736.3669  0.1293                                                                                                                                                                                                                     
  22 00122259   1  0.02687 705.9461  0.1863                                                                                                                                                                                                                     
  23 00122261   1  0.02216 716.6164  0.1324                                                                                                                                                                                                                     
  24 00122265   1  0.04457 756.9892  0.2537                                                                                                                                                                                                                     
  25 00122267   1  0.02166 708.0083  0.2728                                                                                                                                                                                                                     
  26 00122879   1  0.03363 670.7839  0.1959                                                                                                                                                                                                                     
  27 00122881   1  0.01180 741.7281  0.2084                                                                                                                                                                                                                     
  28 00122883   1  0.02717 691.3685  0.1953                                                                                                                                                                                                                     
  29 00122885   1  0.02518 699.7073  0.1266                                                                                                                                                                                                                     
  30 00122887   1  0.02557 710.2878  0.2267                                                                                                                                                                                                                     
  31 00122891   1  0.02481 678.5578  0.1274                                                                                                                                                                                                                     
  32 00122805   1  0.01784 687.2122  0.2000                                                                                                                                                                                                                     
  33 00122807   1  0.04472 709.7259  0.2510                                                                                                                                                                                                                     
  34 00122809   1  0.02509 745.3196  0.1552                                                                                                                                                                                                                     
  35 00122811   1  0.03036 730.5133  0.1868                                                                                                                                                                                                                     
  36 00122909   1  0.03710 666.7145  0.1659                                                                                                                                                                                                                     
  37 00122911   1  0.03852 657.6980  0.1663                                                                                                                                                                                                                     
  38 00122913   1  0.02198 676.7736  0.0841                                                                                                                                                                                                                     
  39 00122915   1  0.02999 691.6495  0.1991                                                                                                                                                                                                                     
  40 00122939   1  0.03458 703.7622  0.1757                                                                                                                                                                                                                     
  41 00122941   1  0.05600 745.5687  0.2120                                                                                                                                                                                                                     
  42 00122943   1  0.02058 722.5916  0.2477                                                                                                                                                                                                                     
  43 00122945   1  0.04253 702.4762  0.2708                                                                                                                                                                                                                     
  44 00122951   1  0.06312 703.0236  0.3106                                                                                                                                                                                                                     
  45 00122953   1  0.03454 701.6971  0.1565                                                                                                                                                                                                                     
  46 00122955   1  0.03122 709.7548  0.2649                                                                                                                                                                                                                     
