PAR File TN GSTDZALL Final Content:RD Level:15 Form:G Other:CB (12DEC07)                                                                                                                                                                                        
   1 00625460   1  0.01590 619.3411  0.2000                                                                                                                                                                                                                     
   2 00625462   1  0.01425 650.8336  0.1424                                                                                                                                                                                                                     
   3 00625472   1  0.01739 622.1246  0.1665                                                                                                                                                                                                                     
   4 00625474   1  0.01437 638.1561  0.2000                                                                                                                                                                                                                     
   5 00625476   1  0.02010 637.5015  0.2000                                                                                                                                                                                                                     
   6 00625464   1  0.03395 666.8130  0.2310                                                                                                                                                                                                                     
   7 00620784   1  0.03140 650.5903  0.2293                                                                                                                                                                                                                     
   8 00620788   1  0.01529 594.2584  0.2000                                                                                                                                                                                                                     
   9 00620790   1  0.04637 689.7176  0.1419                                                                                                                                                                                                                     
  10 00642694   1  0.02177 658.2367  0.1588                                                                                                                                                                                                                     
  11 00624839   1  0.04908 612.7663  0.3086                                                                                                                                                                                                                     
  12 00625646   1  0.03226 659.2360  0.2009                                                                                                                                                                                                                     
  13 00625514   1  0.01656 648.8003  0.1665                                                                                                                                                                                                                     
  14 00642606   1  0.03123 669.5356  0.2172                                                                                                                                                                                                                     
  15 00642310   1  0.01931 634.6543  0.1177                                                                                                                                                                                                                     
  16 00642598   1  0.03530 716.7062  0.1934                                                                                                                                                                                                                     
  17 00642314   1  0.01503 655.6879  0.1422                                                                                                                                                                                                                     
  18 00642316   1  0.02949 619.8538  0.2000                                                                                                                                                                                                                     
  19 00642602   1  0.03409 714.3717  0.2268                                                                                                                                                                                                                     
  20 00620804   1  0.04772 605.7918  0.1363                                                                                                                                                                                                                     
  21 00620742   1  0.03388 648.9509  0.2065                                                                                                                                                                                                                     
  22 00642497   1  0.02229 655.9370  0.1124                                                                                                                                                                                                                     
  23 00516495   1  0.05084 698.6356  0.1270                                                                                                                                                                                                                     
  24 00516433   1  0.02827 624.7574  0.1717                                                                                                                                                                                                                     
  25 00516435   1  0.02978 684.5389  0.2757                                                                                                                                                                                                                     
  26 00516439   1  0.03460 695.4698  0.2146                                                                                                                                                                                                                     
  27 00516443   1  0.02082 666.8854  0.1482                                                                                                                                                                                                                     
  28 00516445   1  0.04028 667.0910  0.2227                                                                                                                                                                                                                     
  29 00516447   1  0.01912 667.4154  0.2211                                                                                                                                                                                                                     
  30 00620624   1  0.02318 657.8631  0.1821                                                                                                                                                                                                                     
  31 00620626   1  0.01985 631.6189  0.2000                                                                                                                                                                                                                     
  32 00620628   1  0.01962 634.6514  0.1206                                                                                                                                                                                                                     
  33 00620630   1  0.03137 636.9570  0.1645                                                                                                                                                                                                                     
  34 00620632   1  0.02374 655.9573  0.1259                                                                                                                                                                                                                     
  35 00620638   1  0.01712 630.0114  0.1333                                                                                                                                                                                                                     
  36 00620656   1  0.01816 631.4799  0.2000                                                                                                                                                                                                                     
  37 00620658   1  0.05279 642.4167  0.2048                                                                                                                                                                                                                     
  38 00620660   1  0.04266 636.0330  0.1978                                                                                                                                                                                                                     
  39 00620662   1  0.03114 655.2506  0.1400                                                                                                                                                                                                                     
  40 00620664   1  0.03685 678.1668  0.1825                                                                                                                                                                                                                     
  41 00620666   1  0.02585 622.4576  0.1074                                                                                                                                                                                                                     
  42 00620668   1  0.03695 631.3032  0.1594                                                                                                                                                                                                                     
  43 00642479   1  0.03083 636.6123  0.2018                                                                                                                                                                                                                     
  44 00642481   1  0.02790 646.9524  0.1701                                                                                                                                                                                                                     
  45 00642483   1  0.04703 652.3165  0.2131                                                                                                                                                                                                                     
  46 00642485   1  0.03613 655.8298  0.2237                                                                                                                                                                                                                     
