PAR File TN GSTDZALL Final Content:RD Level:19 Form:G Other:SV (12DEC07)                                                                                                                                                                                        
   1 00629231   1  0.01087 717.1493  0.2000                                                                                                                                                                                                                     
   2 00629233   1  0.01165 758.7907  0.1483                                                                                                                                                                                                                     
   3 00629235   1  0.01406 670.4566  0.2000                                                                                                                                                                                                                     
   4 00629237   1  0.02652 672.2524  0.2228                                                                                                                                                                                                                     
   5 00629243   1  0.02123 643.2450  0.1850                                                                                                                                                                                                                     
   6 00629245   1  0.01392 657.9355  0.1850                                                                                                                                                                                                                     
   7 00629247   1  0.02200 721.5924  0.2423                                                                                                                                                                                                                     
   8 00482992   1  0.01587 640.0590  0.2000                                                                                                                                                                                                                     
   9 00482994   1  0.02266 658.8508  0.1825                                                                                                                                                                                                                     
  10 00482996   1  0.01548 739.4168  0.1475                                                                                                                                                                                                                     
  11 00629271   1  0.01803 668.8346  0.1048                                                                                                                                                                                                                     
  12 00629277   1  0.01456 698.5255  0.1029                                                                                                                                                                                                                     
  13 00629279   1  0.02350 723.9442  0.2733                                                                                                                                                                                                                     
  14 00629283   1  0.02127 654.2832  0.1197                                                                                                                                                                                                                     
  15 00629287   1  0.02423 681.6772  0.1721                                                                                                                                                                                                                     
  16 00629289   1  0.02658 684.7069  0.1507                                                                                                                                                                                                                     
  17 00629095   1  0.01461 688.9095  0.1603                                                                                                                                                                                                                     
  18 00629097   1  0.02557 750.6287  0.2958                                                                                                                                                                                                                     
  19 00629099   1  0.04628 747.2515  0.3291                                                                                                                                                                                                                     
  20 00629101   1  0.01616 680.8576  0.1057                                                                                                                                                                                                                     
  21 00629103   1  0.04063 651.2883  0.2477                                                                                                                                                                                                                     
  22 00629348   1  0.02832 694.3229  0.1755                                                                                                                                                                                                                     
  23 00629352   1  0.03662 667.9425  0.2325                                                                                                                                                                                                                     
  24 00628171   1  0.02358 682.1204  0.2733                                                                                                                                                                                                                     
  25 00628173   1  0.02549 717.0016  0.2137                                                                                                                                                                                                                     
  26 00628175   1  0.01657 691.2353  0.0942                                                                                                                                                                                                                     
  27 00628181   1  0.02672 701.2742  0.2143                                                                                                                                                                                                                     
  28 00628187   1  0.01795 779.6795  0.2525                                                                                                                                                                                                                     
  29 00628189   1  0.03199 672.1944  0.1415                                                                                                                                                                                                                     
  30 00628191   1  0.02678 709.1669  0.2490                                                                                                                                                                                                                     
  31 00629354   1  0.03417 705.2741  0.2031                                                                                                                                                                                                                     
  32 00629356   1  0.03657 675.0416  0.2010                                                                                                                                                                                                                     
  33 00629358   1  0.04207 664.0064  0.2255                                                                                                                                                                                                                     
