PAR File TN GSTDZALL Final Content:RD Level:10 Form:G Other:CB (12DEC07)                                                                                                                                                                                        
   1 00621620   1  0.01854 400.5710  0.2833                                                                                                                                                                                                                     
   2 00621697   1  0.01073 392.1946  0.2833                                                                                                                                                                                                                     
   3 00621693   1  0.00995 485.1050  0.2833                                                                                                                                                                                                                     
   4 00622052   1  0.01937 441.2160  0.2833                                                                                                                                                                                                                     
   5 00622054   1  0.02001 460.9781  0.2204                                                                                                                                                                                                                     
   6 00622056   1  0.01646 489.2179  0.1960                                                                                                                                                                                                                     
   7 00622060   1  0.00371 471.7498  0.2833                                                                                                                                                                                                                     
   8 00621709   1  0.02324 462.2728  0.2064                                                                                                                                                                                                                     
   9 00622064   1  0.02860 462.7826  0.1631                                                                                                                                                                                                                     
  10 00621636   1  0.02910 471.0054  0.1880                                                                                                                                                                                                                     
  11 00621711   1  0.02106 480.5867  0.2833                                                                                                                                                                                                                     
  12 00621731   1  0.03636 543.6092  0.3825                                                                                                                                                                                                                     
  13 00621652   1  0.01943 471.0807  0.2833                                                                                                                                                                                                                     
  14 00621654   1  0.01986 483.0225  0.1698                                                                                                                                                                                                                     
  15 00621656   1  0.01997 525.4025  0.3401                                                                                                                                                                                                                     
  16 00621713   1  0.02290 520.8262  0.2747                                                                                                                                                                                                                     
  17 00621715   1  0.02657 493.4524  0.3215                                                                                                                                                                                                                     
  18 00621660   1  0.03726 525.4431  0.4659                                                                                                                                                                                                                     
  19 00621735   1  0.03094 519.1608  0.2582                                                                                                                                                                                                                     
  20 00621699   1  0.01663 443.8749  0.2833                                                                                                                                                                                                                     
  21 00621701   1  0.00825 507.9025  0.2833                                                                                                                                                                                                                     
  22 00621703   1  0.01915 467.4515  0.2833                                                                                                                                                                                                                     
  23 00621705   1  0.01991 473.5745  0.2747                                                                                                                                                                                                                     
  24 00621707   1  0.02096 459.1360  0.2833                                                                                                                                                                                                                     
  25 00621662   1  0.02965 455.7327  0.2833                                                                                                                                                                                                                     
  26 00621664   1  0.04074 472.2740  0.4893                                                                                                                                                                                                                     
  27 00621666   1  0.02474 480.5056  0.2515                                                                                                                                                                                                                     
  28 00621668   1  0.03797 482.7503  0.4192                                                                                                                                                                                                                     
  29 00621739   1  0.02216 473.0068  0.2005                                                                                                                                                                                                                     
  30 00621741   1  0.03568 467.0953  0.4221                                                                                                                                                                                                                     
  31 00621743   1  0.01575 497.7796  0.2067                                                                                                                                                                                                                     
  32 00621979   1  0.02521 465.3111  0.2833                                                                                                                                                                                                                     
  33 00621678   1  0.03575 489.9275  0.2423                                                                                                                                                                                                                     
  34 00621676   1  0.04091 514.5410  0.3194                                                                                                                                                                                                                     
  35 00621757   1  0.04778 505.7418  0.4075                                                                                                                                                                                                                     
  36 00621682   1  0.05804 508.2559  0.4397                                                                                                                                                                                                                     
  37 00621680   1  0.05464 518.6655  0.2602                                                                                                                                                                                                                     
  38 00621688   1  0.05578 512.1573  0.5969                                                                                                                                                                                                                     
  39 00621686   1  0.03701 515.6127  0.2209                                                                                                                                                                                                                     
  40 00621759   1  0.04298 551.5801  0.3855                                                                                                                                                                                                                     
