PAR file TNG TX solution CONTENT:RD LEVEL:12 FORM:GL (21MAY10)
  1 00622636 1 0.02100 536.6214 0.2833
  2 00622640 1 0.02850 552.0256 0.1945
  3 00622642 1 0.02670 550.4892 0.1914
  4 00622644 1 0.02520 571.3870 0.2650
  5 00622646 1 0.03460 543.4089 0.2833
  6 00622648 1 0.05570 573.8646 0.2061
  7 00622650 1 0.02980 582.4466 0.2131
  8 00622652 1 0.01580 596.2011 0.2187
  9 00622654 1 0.03260 600.1552 0.1855
 10 00622656 1 0.04090 588.8973 0.2980
 11 00622527 1 0.04090 571.7207 0.2796
 12 00622529 1 0.02310 570.5874 0.1502
 13 00622531 1 0.04740 578.2123 0.2297
 14 00622533 1 0.02810 615.7766 0.2382
 15 00622535 1 0.01690 647.5640 0.1469
 16 00622537 1 0.03750 593.6101 0.2126
 17 00622693 1 0.03550 577.4819 0.0933
 18 00622695 1 0.02810 580.2838 0.0993
 19 00622697 1 0.03580 563.2458 0.1373
 20 00622699 1 0.03420 599.9412 0.2106
 21 00622701 1 0.02960 587.4145 0.1417
 22 00622705 1 0.02090 601.0462 0.1673
 23 00622707 1 0.04430 600.8919 0.1705
 24 00622709 1 0.01760 598.2411 0.1624
 25 00622711 1 0.02200 585.9978 0.2000
 26 00622713 1 0.04930 575.7661 0.1862
 27 00622597 1 0.03220 582.9503 0.1279
 28 00622599 1 0.04230 589.2027 0.1252
 29 00622601 1 0.02560 598.6787 0.1267
 30 00622605 1 0.04770 607.3930 0.1474
 31 00622607 1 0.02610 605.3687 0.2415
 32 00622609 1 0.02290 640.6505 0.1957
