PAR File TN GSTDZALL Final Content:RD Level:16 Form:G Other:SV (12DEC07)                                                                                                                                                                                        
   1 00642624   1  0.03499 647.9285  0.3411                                                                                                                                                                                                                     
   2 00642626   1  0.01238 666.9752  0.2000                                                                                                                                                                                                                     
   3 00642630   1  0.01957 633.5190  0.2000                                                                                                                                                                                                                     
   4 00642638   1  0.02182 622.2143  0.1524                                                                                                                                                                                                                     
   5 00642640   1  0.02468 640.7310  0.2033                                                                                                                                                                                                                     
   6 00642642   1  0.02594 696.4546  0.1879                                                                                                                                                                                                                     
   7 00625576   1  0.02858 688.6807  0.1939                                                                                                                                                                                                                     
   8 00625584   1  0.02455 704.1822  0.2410                                                                                                                                                                                                                     
   9 00625586   1  0.01853 664.9593  0.1155                                                                                                                                                                                                                     
  10 00625588   1  0.02152 674.9171  0.1590                                                                                                                                                                                                                     
  11 00642696   1  0.02543 614.5070  0.1839                                                                                                                                                                                                                     
  12 00642531   1  0.03155 669.8165  0.2074                                                                                                                                                                                                                     
  13 00642537   1  0.02827 652.0327  0.1602                                                                                                                                                                                                                     
  14 00642600   1  0.02421 668.8288  0.2208                                                                                                                                                                                                                     
  15 00620740   1  0.04647 612.6418  0.1410                                                                                                                                                                                                                     
  16 00516379   1  0.01304 679.0531  0.2000                                                                                                                                                                                                                     
  17 00516377   1  0.01938 659.5778  0.1710                                                                                                                                                                                                                     
  18 00516385   1  0.01577 657.1477  0.2000                                                                                                                                                                                                                     
  19 00516389   1  0.02601 654.8103  0.1460                                                                                                                                                                                                                     
  20 00516383   1  0.01706 683.7279  0.2931                                                                                                                                                                                                                     
  21 00516387   1  0.03796 669.4921  0.2463                                                                                                                                                                                                                     
  22 00516395   1  0.02643 650.1240  0.1537                                                                                                                                                                                                                     
  23 00625730   1  0.03593 620.8270  0.1433                                                                                                                                                                                                                     
  24 00625732   1  0.04092 620.5344  0.1534                                                                                                                                                                                                                     
  25 00625734   1  0.03420 634.6080  0.1316                                                                                                                                                                                                                     
  26 00625738   1  0.02735 625.3048  0.1532                                                                                                                                                                                                                     
  27 00625742   1  0.02164 682.0132  0.2000                                                                                                                                                                                                                     
  28 00516399   1  0.01998 652.2007  0.1393                                                                                                                                                                                                                     
  29 00516401   1  0.03221 666.5233  0.2453                                                                                                                                                                                                                     
  30 00516403   1  0.02337 663.3634  0.1840                                                                                                                                                                                                                     
  31 00516405   1  0.04077 648.4498  0.2356                                                                                                                                                                                                                     
  32 00516409   1  0.04349 672.0873  0.2705                                                                                                                                                                                                                     
  33 00516411   1  0.03730 671.8527  0.2798                                                                                                                                                                                                                     
