PAR File TN GSTDZALL Final Content:RD Level:18 Form:G Other:CB (12DEC07)                                                                                                                                                                                        
   1 00627923   1  0.03776 675.2443  0.4417                                                                                                                                                                                                                     
   2 00627929   1  0.02600 701.8535  0.2147                                                                                                                                                                                                                     
   3 00627931   1  0.02344 644.0039  0.2000                                                                                                                                                                                                                     
   4 00627937   1  0.01483 642.0691  0.2000                                                                                                                                                                                                                     
   5 00627939   1  0.01364 713.2826  0.1397                                                                                                                                                                                                                     
   6 00628019   1  0.01240 677.5499  0.1425                                                                                                                                                                                                                     
   7 00628021   1  0.03038 700.4980  0.2012                                                                                                                                                                                                                     
   8 00628025   1  0.02376 648.4122  0.1389                                                                                                                                                                                                                     
   9 00643016   1  0.03875 635.1844  0.1037                                                                                                                                                                                                                     
  10 00643018   1  0.03082 652.4845  0.1411                                                                                                                                                                                                                     
  11 00643020   1  0.02951 659.6936  0.1997                                                                                                                                                                                                                     
  12 00643026   1  0.02790 672.9185  0.1596                                                                                                                                                                                                                     
  13 00643028   1  0.02376 653.9066  0.0929                                                                                                                                                                                                                     
  14 00628071   1  0.03457 723.4634  0.3017                                                                                                                                                                                                                     
  15 00628227   1  0.02157 654.5236  0.1089                                                                                                                                                                                                                     
  16 00482855   1  0.03483 676.9590  0.2309                                                                                                                                                                                                                     
  17 00643012   1  0.03545 686.3810  0.2361                                                                                                                                                                                                                     
  18 00629200   1  0.02876 649.9531  0.1187                                                                                                                                                                                                                     
  19 00629147   1  0.02274 673.3038  0.2000                                                                                                                                                                                                                     
  20 00516919   1  0.03292 664.4495  0.1805                                                                                                                                                                                                                     
  21 00626369   1  0.04169 661.3996  0.2239                                                                                                                                                                                                                     
  22 00626371   1  0.02250 675.6498  0.1778                                                                                                                                                                                                                     
  23 00626373   1  0.02009 701.3698  0.1716                                                                                                                                                                                                                     
  24 00368985   1  0.02912 669.8889  0.2346                                                                                                                                                                                                                     
  25 00368987   1  0.03093 638.2256  0.1608                                                                                                                                                                                                                     
  26 00368991   1  0.01578 688.2231  0.1320                                                                                                                                                                                                                     
  27 00368995   1  0.03665 643.5665  0.1983                                                                                                                                                                                                                     
  28 00368997   1  0.04141 634.6080  0.1274                                                                                                                                                                                                                     
  29 00368999   1  0.04010 645.6230  0.3234                                                                                                                                                                                                                     
  30 00369001   1  0.02858 642.7440  0.1068                                                                                                                                                                                                                     
  31 00628051   1  0.03497 665.2518  0.2436                                                                                                                                                                                                                     
  32 00628053   1  0.01371 720.3701  0.2403                                                                                                                                                                                                                     
  33 00628057   1  0.02918 667.5052  0.2089                                                                                                                                                                                                                     
  34 00628059   1  0.01677 723.6488  0.1224                                                                                                                                                                                                                     
  35 00628061   1  0.01448 719.9936  0.1487                                                                                                                                                                                                                     
  36 00628063   1  0.02029 660.1194  0.1526                                                                                                                                                                                                                     
  37 00628065   1  0.01766 687.9885  0.1869                                                                                                                                                                                                                     
  38 00628067   1  0.02867 683.3513  0.2169                                                                                                                                                                                                                     
  39 00628197   1  0.03587 650.7351  0.2227                                                                                                                                                                                                                     
  40 00628199   1  0.02662 694.8790  0.2402                                                                                                                                                                                                                     
  41 00628201   1  0.03296 697.4944  0.2334                                                                                                                                                                                                                     
  42 00643038   1  0.01836 664.9158  0.1459                                                                                                                                                                                                                     
  43 00643042   1  0.02454 647.7113  0.1019                                                                                                                                                                                                                     
  44 00643044   1  0.01447 689.1325  0.1613                                                                                                                                                                                                                     
  45 00643046   1  0.00794 780.0386  0.1742                                                                                                                                                                                                                     
  46 00643052   1  0.01965 738.0584  0.1956                                                                                                                                                                                                                     
