PAR File TN GSTDZALL Final Content:RD Level:18 Form:G Other:SV (12DEC07)                                                                                                                                                                                        
   1 00627923   1  0.03776 675.2443  0.4417                                                                                                                                                                                                                     
   2 00627929   1  0.02600 701.8535  0.2147                                                                                                                                                                                                                     
   3 00627931   1  0.02344 644.0039  0.2000                                                                                                                                                                                                                     
   4 00627937   1  0.01483 642.0691  0.2000                                                                                                                                                                                                                     
   5 00627939   1  0.01364 713.2826  0.1397                                                                                                                                                                                                                     
   6 00628019   1  0.01240 677.5499  0.1425                                                                                                                                                                                                                     
   7 00628021   1  0.03038 700.4980  0.2012                                                                                                                                                                                                                     
   8 00628025   1  0.02376 648.4122  0.1389                                                                                                                                                                                                                     
   9 00643016   1  0.03875 635.1844  0.1037                                                                                                                                                                                                                     
  10 00643018   1  0.03082 652.4845  0.1411                                                                                                                                                                                                                     
  11 00643020   1  0.02951 659.6936  0.1997                                                                                                                                                                                                                     
  12 00643026   1  0.02790 672.9185  0.1596                                                                                                                                                                                                                     
  13 00643028   1  0.02376 653.9066  0.0929                                                                                                                                                                                                                     
  14 00628071   1  0.03457 723.4634  0.3017                                                                                                                                                                                                                     
  15 00628227   1  0.02157 654.5236  0.1089                                                                                                                                                                                                                     
  16 00626371   1  0.02250 675.6498  0.1778                                                                                                                                                                                                                     
  17 00643012   1  0.03545 686.3810  0.2361                                                                                                                                                                                                                     
  18 00628051   1  0.03497 665.2518  0.2436                                                                                                                                                                                                                     
  19 00628053   1  0.01371 720.3701  0.2403                                                                                                                                                                                                                     
  20 00628057   1  0.02918 667.5052  0.2089                                                                                                                                                                                                                     
  21 00628059   1  0.01677 723.6488  0.1224                                                                                                                                                                                                                     
  22 00628061   1  0.01448 719.9936  0.1487                                                                                                                                                                                                                     
  23 00628063   1  0.02029 660.1194  0.1526                                                                                                                                                                                                                     
  24 00628065   1  0.01766 687.9885  0.1869                                                                                                                                                                                                                     
  25 00628067   1  0.02867 683.3513  0.2169                                                                                                                                                                                                                     
  26 00628197   1  0.03587 650.7351  0.2227                                                                                                                                                                                                                     
  27 00628199   1  0.02662 694.8790  0.2402                                                                                                                                                                                                                     
  28 00628201   1  0.03296 697.4944  0.2334                                                                                                                                                                                                                     
  29 00643038   1  0.01836 664.9158  0.1459                                                                                                                                                                                                                     
  30 00643042   1  0.02454 647.7113  0.1019                                                                                                                                                                                                                     
  31 00643044   1  0.01447 689.1325  0.1613                                                                                                                                                                                                                     
  32 00643046   1  0.00794 780.0386  0.1742                                                                                                                                                                                                                     
  33 00643052   1  0.01965 738.0584  0.1956                                                                                                                                                                                                                     
