PAR File TN GSTDZALL Final Content:SC Level:13 Form:G Other:MA (13SEP07)                                                                                                                                                                                        
   1 00479393   1  0.02323 527.5493  0.2000                                                                                                                                                                                                                     
   2 00624881   1  0.03127 575.7037  0.1361                                                                                                                                                                                                                     
   3 00623831   1  0.03213 517.9561  0.2000                                                                                                                                                                                                                     
   4 00479397   1  0.02082 539.7756  0.2000                                                                                                                                                                                                                     
   5 00623825   1  0.03625 548.5585  0.2000                                                                                                                                                                                                                     
   6 00623780   1  0.02342 546.6309  0.2000                                                                                                                                                                                                                     
   7 00623829   1  0.02020 544.2806  0.2000                                                                                                                                                                                                                     
   8 00623790   1  0.02110 576.3254  0.2000                                                                                                                                                                                                                     
   9 00623782   1  0.02066 581.1901  0.1324                                                                                                                                                                                                                     
  10 00623823   1  0.01176 592.2290  0.2000                                                                                                                                                                                                                     
  11 00623746   1  0.01296 582.5206  0.1632                                                                                                                                                                                                                     
  12 00623772   1  0.01726 588.7437  0.1486                                                                                                                                                                                                                     
  13 00623857   1  0.01317 593.7377  0.2000                                                                                                                                                                                                                     
  14 00623833   1  0.01925 578.2391  0.1534                                                                                                                                                                                                                     
  15 00623794   1  0.02431 579.9153  0.2000                                                                                                                                                                                                                     
  16 00623774   1  0.01500 621.8152  0.1569                                                                                                                                                                                                                     
  17 00624941   1  0.01294 614.1288  0.2000                                                                                                                                                                                                                     
  18 00623849   1  0.02124 651.3387  0.2763                                                                                                                                                                                                                     
  19 00623837   1  0.01190 693.7205  0.2197                                                                                                                                                                                                                     
  20 00623778   1  0.01564 684.0889  0.0993                                                                                                                                                                                                                     
  21 00622841   3  0.02340  12.9593 13.0922                                                                                                                                                                                                                     
  22 00623808   2  0.03460  18.4529                                                                                                                                                                                                                             
  23 00623800   3  0.02528  13.8764 14.7174                                                                                                                                                                                                                     
  24 00622851   2  0.02493  14.2112                                                                                                                                                                                                                             
  25 00623880   2  0.03650  22.3422                                                                                                                                                                                                                             
  26 00623812   2  0.01900  11.5642                                                                                                                                                                                                                             
  27 00623878   3  0.03296  18.0894 21.9516                                                                                                                                                                                                                     
  28 00623802   4  0.02250  12.9511 14.5483 15.4793                                                                                                                                                                                                             
  29 00623888   3  0.03184  19.0369 20.0398                                                                                                                                                                                                                     
  30 00623884   2  0.03488  22.1414                                                                                                                                                                                                                             
