PAR File TN GSTDZALL Final Content:SC Level:15 Form:G Other:CB (13SEP07)                                                                                                                                                                                        
   1 00620863   1  0.01279 529.1575  0.2000                                                                                                                                                                                                                     
   2 00620853   1  0.02709 580.0647  0.2000                                                                                                                                                                                                                     
   3 00624857   1  0.01737 564.1156  0.2000                                                                                                                                                                                                                     
   4 00624949   1  0.02367 598.6486  0.2000                                                                                                                                                                                                                     
   5 00620917   1  0.02660 589.9442  0.2000                                                                                                                                                                                                                     
   6 00619517   1  0.02360 602.3834  0.2000                                                                                                                                                                                                                     
   7 00620919   1  0.03071 590.4693  0.2000                                                                                                                                                                                                                     
   8 00620925   1  0.01616 593.2540  0.2000                                                                                                                                                                                                                     
   9 00620843   1  0.01990 612.2755  0.2000                                                                                                                                                                                                                     
  10 00620829   1  0.02462 628.1871  0.2696                                                                                                                                                                                                                     
  11 00620899   1  0.02817 601.9084  0.2000                                                                                                                                                                                                                     
  12 00620903   1  0.01943 602.2897  0.2000                                                                                                                                                                                                                     
  13 00620905   1  0.01513 605.7964  0.2000                                                                                                                                                                                                                     
  14 00619504   1  0.03115 637.0634  0.2256                                                                                                                                                                                                                     
  15 00620849   1  0.01636 637.7260  0.2000                                                                                                                                                                                                                     
  16 00619521   1  0.02264 637.6729  0.2094                                                                                                                                                                                                                     
  17 00625790   1  0.02191 659.5978  0.1901                                                                                                                                                                                                                     
  18 00620827   1  0.02491 650.3777  0.2466                                                                                                                                                                                                                     
  19 00625772   1  0.02722 654.0001  0.1950                                                                                                                                                                                                                     
  20 00624981   1  0.03194 638.9761  0.2432                                                                                                                                                                                                                     
  21 00620941   1  0.03982 653.1312  0.2543                                                                                                                                                                                                                     
  22 00481737   1  0.04371 652.2655  0.1596                                                                                                                                                                                                                     
  23 00625890   1  0.02891 652.9312  0.1961                                                                                                                                                                                                                     
  24 00479608   1  0.03822 680.7758  0.1238                                                                                                                                                                                                                     
  25 00620911   1  0.02512 667.7646  0.2668                                                                                                                                                                                                                     
  26 00620837   1  0.02496 663.3858  0.1870                                                                                                                                                                                                                     
  27 00484009   1  0.03207 685.8640  0.1584                                                                                                                                                                                                                     
  28 00620831   1  0.04733 681.9509  0.1744                                                                                                                                                                                                                     
  29 00479556   1  0.02189 679.4912  0.2320                                                                                                                                                                                                                     
  30 00620921   1  0.01509 691.3397  0.2164                                                                                                                                                                                                                     
  31 00620913   1  0.02140 646.0052  0.2005                                                                                                                                                                                                                     
  32 00479949   1  0.01007 717.3778  0.2000                                                                                                                                                                                                                     
  33 00483953   1  0.04026 662.2200  0.1905                                                                                                                                                                                                                     
  34 00620939   1  0.01644 687.4392  0.2037                                                                                                                                                                                                                     
  35 00479614   1  0.03467 709.0110  0.2149                                                                                                                                                                                                                     
  36 00625824   1  0.04512 713.4022  0.2038                                                                                                                                                                                                                     
  37 00480163   1  0.02124 687.3986  0.2289                                                                                                                                                                                                                     
  38 00479997   1  0.00604 727.7355  0.2000                                                                                                                                                                                                                     
  39 00620943   1  0.01225 730.6765  0.2000                                                                                                                                                                                                                     
  40 00483949   1  0.02584 707.9077  0.1986                                                                                                                                                                                                                     
