PAR File TN GSTDZALL Final Content:SC Level:14 Form:G Other:SV (13SEP07)                                                                                                                                                                                        
   1 00624947   1  0.01971 539.9943  0.2000                                                                                                                                                                                                                     
   2 00624953   1  0.00755 522.9799  0.2000                                                                                                                                                                                                                     
   3 00624867   1  0.01367 529.5151  0.2000                                                                                                                                                                                                                     
   4 00623784   1  0.03529 596.4751  0.1766                                                                                                                                                                                                                     
   5 00624975   1  0.02385 571.1409  0.2000                                                                                                                                                                                                                     
   6 00624863   1  0.02431 560.0799  0.2000                                                                                                                                                                                                                     
   7 00624859   1  0.02080 583.2877  0.2000                                                                                                                                                                                                                     
   8 00624869   1  0.03094 598.3466  0.1466                                                                                                                                                                                                                     
   9 00624985   1  0.03605 713.2458  0.2357                                                                                                                                                                                                                     
  10 00624943   1  0.02466 612.0709  0.2328                                                                                                                                                                                                                     
  11 00624971   1  0.02918 604.4290  0.1514                                                                                                                                                                                                                     
  12 00624901   1  0.02065 607.5062  0.1714                                                                                                                                                                                                                     
  13 00624999   1  0.02191 617.6464  0.1740                                                                                                                                                                                                                     
  14 00624885   1  0.03269 616.0869  0.3012                                                                                                                                                                                                                     
  15 00624899   1  0.03982 621.9413  0.1905                                                                                                                                                                                                                     
  16 00624883   1  0.02431 631.5537  0.2248                                                                                                                                                                                                                     
  17 00624967   1  0.02601 628.6325  0.1877                                                                                                                                                                                                                     
  18 00624897   1  0.01796 627.9487  0.1578                                                                                                                                                                                                                     
  19 00624887   1  0.02861 675.7708  0.2934                                                                                                                                                                                                                     
  20 00624913   1  0.02583 638.0230  0.1919                                                                                                                                                                                                                     
  21 00624965   1  0.02272 661.7076  0.1987                                                                                                                                                                                                                     
  22 00624889   1  0.02657 671.5510  0.1604                                                                                                                                                                                                                     
  23 00481727   1  0.03063 673.7074  0.2702                                                                                                                                                                                                                     
  24 00481747   1  0.02654 694.8247  0.2449                                                                                                                                                                                                                     
  25 00624907   1  0.01800 557.7675  0.2000                                                                                                                                                                                                                     
