PAR File TN GSTDZALL Final Content:SC Level:15 Form:G Other:SV (13SEP07)                                                                                                                                                                                        
   1 00620863   1  0.01279 529.1575  0.2000                                                                                                                                                                                                                     
   2 00620919   1  0.03071 590.4693  0.2000                                                                                                                                                                                                                     
   3 00619517   1  0.02360 602.3834  0.2000                                                                                                                                                                                                                     
   4 00620917   1  0.02660 589.9442  0.2000                                                                                                                                                                                                                     
   5 00620843   1  0.01990 612.2755  0.2000                                                                                                                                                                                                                     
   6 00620925   1  0.01616 593.2540  0.2000                                                                                                                                                                                                                     
   7 00620903   1  0.01943 602.2897  0.2000                                                                                                                                                                                                                     
   8 00620829   1  0.02462 628.1871  0.2696                                                                                                                                                                                                                     
   9 00620827   1  0.02491 650.3777  0.2466                                                                                                                                                                                                                     
  10 00620849   1  0.01636 637.7260  0.2000                                                                                                                                                                                                                     
  11 00620899   1  0.02817 601.9084  0.2000                                                                                                                                                                                                                     
  12 00620905   1  0.01513 605.7964  0.2000                                                                                                                                                                                                                     
  13 00619521   1  0.02264 637.6729  0.2094                                                                                                                                                                                                                     
  14 00620913   1  0.02140 646.0052  0.2005                                                                                                                                                                                                                     
  15 00625772   1  0.02722 654.0001  0.1950                                                                                                                                                                                                                     
  16 00625790   1  0.02191 659.5978  0.1901                                                                                                                                                                                                                     
  17 00625824   1  0.04512 713.4022  0.2038                                                                                                                                                                                                                     
  18 00625890   1  0.02891 652.9312  0.1961                                                                                                                                                                                                                     
  19 00620941   1  0.03982 653.1312  0.2543                                                                                                                                                                                                                     
  20 00620837   1  0.02496 663.3858  0.1870                                                                                                                                                                                                                     
  21 00484009   1  0.03207 685.8640  0.1584                                                                                                                                                                                                                     
  22 00620939   1  0.01644 687.4392  0.2037                                                                                                                                                                                                                     
  23 00480163   1  0.02124 687.3986  0.2289                                                                                                                                                                                                                     
  24 00479949   1  0.01007 717.3778  0.2000                                                                                                                                                                                                                     
  25 00620921   1  0.01509 691.3397  0.2164                                                                                                                                                                                                                     
