PAR File TN GSTDZALL Final Content:SC Level:20 Form:G Other:CB (13SEP07)                                                                                                                                                                                        
   1 00629855   1  0.01862 649.1148  0.2000                                                                                                                                                                                                                     
   2 00629813   1  0.03452 655.0922  0.1910                                                                                                                                                                                                                     
   3 00629839   1  0.01051 648.7343  0.2000                                                                                                                                                                                                                     
   4 00629901   1  0.03355 658.1501  0.1762                                                                                                                                                                                                                     
   5 00629941   1  0.03219 689.6805  0.2273                                                                                                                                                                                                                     
   6 00629861   1  0.03309 679.6489  0.2258                                                                                                                                                                                                                     
   7 00629925   1  0.01856 690.6802  0.1632                                                                                                                                                                                                                     
   8 00629829   1  0.03426 681.0983  0.1284                                                                                                                                                                                                                     
   9 00629807   1  0.03629 693.2330  0.1755                                                                                                                                                                                                                     
  10 00629883   1  0.02293 680.1055  0.1548                                                                                                                                                                                                                     
  11 00629895   1  0.01281 696.5988  0.2153                                                                                                                                                                                                                     
  12 00629831   1  0.01836 707.4121  0.1926                                                                                                                                                                                                                     
  13 00629929   1  0.03125 704.4649  0.2464                                                                                                                                                                                                                     
  14 00629903   1  0.01489 682.2156  0.2000                                                                                                                                                                                                                     
  15 00629899   1  0.01736 682.3332  0.2153                                                                                                                                                                                                                     
  16 00629933   1  0.02825 676.8919  0.2045                                                                                                                                                                                                                     
  17 00629833   1  0.01690 699.7916  0.1714                                                                                                                                                                                                                     
  18 00629805   1  0.02086 700.7083  0.1318                                                                                                                                                                                                                     
  19 00629913   1  0.02106 710.1483  0.1684                                                                                                                                                                                                                     
  20 00629915   1  0.01573 703.2334  0.2000                                                                                                                                                                                                                     
  21 00629817   1  0.01911 726.5551  0.2209                                                                                                                                                                                                                     
  22 00629893   1  0.02757 697.4255  0.1603                                                                                                                                                                                                                     
  23 00629905   1  0.01889 709.5672  0.2617                                                                                                                                                                                                                     
  24 00629909   1  0.01827 738.1399  0.2000                                                                                                                                                                                                                     
  25 00629827   1  0.02421 722.7016  0.2633                                                                                                                                                                                                                     
  26 00629927   1  0.01568 716.7069  0.1999                                                                                                                                                                                                                     
  27 00629885   1  0.03551 739.7207  0.2088                                                                                                                                                                                                                     
  28 00629823   1  0.02380 731.3011  0.1645                                                                                                                                                                                                                     
  29 00629849   1  0.03044 737.4999  0.1787                                                                                                                                                                                                                     
  30 00629853   1  0.03080 731.5433  0.2824                                                                                                                                                                                                                     
  31 00629687   1  0.02321 716.3091  0.1680                                                                                                                                                                                                                     
  32 00629887   1  0.02851 726.2922  0.2291                                                                                                                                                                                                                     
  33 00629809   1  0.03497 764.4157  0.2048                                                                                                                                                                                                                     
  34 00629837   1  0.03967 762.0323  0.3181                                                                                                                                                                                                                     
  35 00629845   1  0.04333 741.4711  0.1868                                                                                                                                                                                                                     
  36 00629911   1  0.03977 746.9988  0.2577                                                                                                                                                                                                                     
  37 00629825   1  0.01856 748.5658  0.3137                                                                                                                                                                                                                     
  38 00629923   1  0.02909 752.1426  0.1711                                                                                                                                                                                                                     
  39 00629907   1  0.01472 713.1544  0.2037                                                                                                                                                                                                                     
  40 00629811   1  0.08503 757.6011  0.1272                                                                                                                                                                                                                     
