PAR File TN GSTDZALL Final Content:SC Level:19 Form:G Other:CB (13SEP07)                                                                                                                                                                                        
   1 00629663   1  0.03119 638.0291  0.1907                                                                                                                                                                                                                     
   2 00629745   1  0.02648 651.5103  0.2000                                                                                                                                                                                                                     
   3 00629739   1  0.02700 665.1881  0.1304                                                                                                                                                                                                                     
   4 00629643   1  0.01986 673.4008  0.1672                                                                                                                                                                                                                     
   5 00629727   1  0.02242 655.2441  0.2000                                                                                                                                                                                                                     
   6 00629671   1  0.02671 659.2343  0.1907                                                                                                                                                                                                                     
   7 00629669   1  0.01812 664.1899  0.2000                                                                                                                                                                                                                     
   8 00629725   1  0.01155 650.7831  0.2000                                                                                                                                                                                                                     
   9 00629655   1  0.02784 683.0170  0.1752                                                                                                                                                                                                                     
  10 00629701   1  0.01726 675.4510  0.2000                                                                                                                                                                                                                     
  11 00629659   1  0.02156 674.8341  0.1463                                                                                                                                                                                                                     
  12 00629723   1  0.02632 680.0758  0.1068                                                                                                                                                                                                                     
  13 00629759   1  0.02939 692.6302  0.2111                                                                                                                                                                                                                     
  14 00629769   1  0.03275 682.0187  0.2046                                                                                                                                                                                                                     
  15 00629777   1  0.01387 689.5639  0.2000                                                                                                                                                                                                                     
  16 00629649   1  0.02753 683.2524  0.2000                                                                                                                                                                                                                     
  17 00629681   1  0.01978 700.4346  0.2354                                                                                                                                                                                                                     
  18 00629647   1  0.01726 699.7492  0.1797                                                                                                                                                                                                                     
  19 00629691   1  0.02884 686.5989  0.1607                                                                                                                                                                                                                     
  20 00629771   1  0.01656 699.0251  0.1749                                                                                                                                                                                                                     
  21 00629653   1  0.01983 714.4343  0.2000                                                                                                                                                                                                                     
  22 00480848   1  0.02373 710.2832  0.2570                                                                                                                                                                                                                     
  23 00629697   1  0.02321 690.2314  0.1366                                                                                                                                                                                                                     
  24 00629767   1  0.02540 706.6030  0.1300                                                                                                                                                                                                                     
  25 00629661   1  0.01552 705.6166  0.2000                                                                                                                                                                                                                     
  26 00480838   1  0.02370 720.4895  0.1428                                                                                                                                                                                                                     
  27 00629735   1  0.03614 715.9600  0.2258                                                                                                                                                                                                                     
  28 00629737   1  0.01757 710.0627  0.1943                                                                                                                                                                                                                     
  29 00480840   1  0.01123 725.9308  0.2000                                                                                                                                                                                                                     
  30 00629677   1  0.00878 720.6772  0.2000                                                                                                                                                                                                                     
  31 00480707   1  0.01049 748.7867  0.2000                                                                                                                                                                                                                     
  32 00629729   1  0.02336 725.4808  0.2073                                                                                                                                                                                                                     
  33 00629749   1  0.03557 719.6193  0.3150                                                                                                                                                                                                                     
  34 00480844   1  0.04458 738.6968  0.2956                                                                                                                                                                                                                     
  35 00629699   1  0.01334 778.0764  0.2601                                                                                                                                                                                                                     
  36 00629695   1  0.02180 749.4960  0.2431                                                                                                                                                                                                                     
  37 00629693   1  0.04029 760.2565  0.2101                                                                                                                                                                                                                     
  38 00629751   1  0.00785 764.5178  0.2000                                                                                                                                                                                                                     
  39 00629743   1  0.01905 749.5944  0.2338                                                                                                                                                                                                                     
  40 00629733   1  0.01295 793.3992  0.1710                                                                                                                                                                                                                     
