PAR File TN GSTDZALL Final Content:SC Level:20 Form:G Other:SV (13SEP07)                                                                                                                                                                                        
   1 00629855   1  0.01862 649.1148  0.2000                                                                                                                                                                                                                     
   2 00629839   1  0.01051 648.7343  0.2000                                                                                                                                                                                                                     
   3 00629813   1  0.03452 655.0922  0.1910                                                                                                                                                                                                                     
   4 00629861   1  0.03309 679.6489  0.2258                                                                                                                                                                                                                     
   5 00629829   1  0.03426 681.0983  0.1284                                                                                                                                                                                                                     
   6 00629901   1  0.03355 658.1501  0.1762                                                                                                                                                                                                                     
   7 00629925   1  0.01856 690.6802  0.1632                                                                                                                                                                                                                     
   8 00629883   1  0.02293 680.1055  0.1548                                                                                                                                                                                                                     
   9 00629903   1  0.01489 682.2156  0.2000                                                                                                                                                                                                                     
  10 00629807   1  0.03629 693.2330  0.1755                                                                                                                                                                                                                     
  11 00629899   1  0.01736 682.3332  0.2153                                                                                                                                                                                                                     
  12 00629895   1  0.01281 696.5988  0.2153                                                                                                                                                                                                                     
  13 00629831   1  0.01836 707.4121  0.1926                                                                                                                                                                                                                     
  14 00629929   1  0.03125 704.4649  0.2464                                                                                                                                                                                                                     
  15 00629833   1  0.01690 699.7916  0.1714                                                                                                                                                                                                                     
  16 00629805   1  0.02086 700.7083  0.1318                                                                                                                                                                                                                     
  17 00629927   1  0.01568 716.7069  0.1999                                                                                                                                                                                                                     
  18 00629913   1  0.02106 710.1483  0.1684                                                                                                                                                                                                                     
  19 00629893   1  0.02757 697.4255  0.1603                                                                                                                                                                                                                     
  20 00629827   1  0.02421 722.7016  0.2633                                                                                                                                                                                                                     
  21 00629885   1  0.03551 739.7207  0.2088                                                                                                                                                                                                                     
  22 00629823   1  0.02380 731.3011  0.1645                                                                                                                                                                                                                     
  23 00629849   1  0.03044 737.4999  0.1787                                                                                                                                                                                                                     
  24 00629687   1  0.02321 716.3091  0.1680                                                                                                                                                                                                                     
  25 00629825   1  0.01856 748.5658  0.3137                                                                                                                                                                                                                     
