PAR File TN GSTDZALL Final Content:SC Level:17 Form:G Other:CB (13SEP07)                                                                                                                                                                                        
   1 00626711   1  0.03308 628.8787  0.2000                                                                                                                                                                                                                     
   2 00626715   1  0.02513 636.3757  0.2000                                                                                                                                                                                                                     
   3 00626649   1  0.02842 639.3094  0.2027                                                                                                                                                                                                                     
   4 00626719   1  0.02074 626.0524  0.2000                                                                                                                                                                                                                     
   5 00628333   1  0.02322 650.0444  0.0956                                                                                                                                                                                                                     
   6 00626667   1  0.00723 588.0096  0.2000                                                                                                                                                                                                                     
   7 00626683   1  0.03472 631.6065  0.2000                                                                                                                                                                                                                     
   8 00626627   1  0.02305 643.1653  0.2000                                                                                                                                                                                                                     
   9 00626741   1  0.03515 645.6573  0.2000                                                                                                                                                                                                                     
  10 00626709   1  0.01679 652.4589  0.2000                                                                                                                                                                                                                     
  11 00626761   1  0.01823 643.3892  0.0095                                                                                                                                                                                                                     
  12 00626757   1  0.03044 653.5422  0.2129                                                                                                                                                                                                                     
  13 00626733   1  0.02427 669.6403  0.1869                                                                                                                                                                                                                     
  14 00626645   1  0.02182 681.1722  0.2957                                                                                                                                                                                                                     
  15 00626743   1  0.02228 652.0977  0.1234                                                                                                                                                                                                                     
  16 00626673   1  0.03401 674.8542  0.2447                                                                                                                                                                                                                     
  17 00628331   1  0.00420 666.1724  0.2000                                                                                                                                                                                                                     
  18 00626631   1  0.01351 657.7622  0.0095                                                                                                                                                                                                                     
  19 00480316   1  0.02560 672.0428  0.3710                                                                                                                                                                                                                     
  20 00626755   1  0.01572 660.9645  0.0559                                                                                                                                                                                                                     
  21 00626633   1  0.03180 681.8079  0.1612                                                                                                                                                                                                                     
  22 00480480   1  0.03655 682.8257  0.1920                                                                                                                                                                                                                     
  23 00626677   1  0.01247 673.8036  0.2000                                                                                                                                                                                                                     
  24 00626665   1  0.01755 692.2476  0.2702                                                                                                                                                                                                                     
  25 00626731   1  0.02245 684.6790  0.1426                                                                                                                                                                                                                     
  26 00626657   1  0.02607 696.8048  0.2345                                                                                                                                                                                                                     
  27 00480338   1  0.02030 681.8348  0.1116                                                                                                                                                                                                                     
  28 00626737   1  0.01164 711.0735  0.1555                                                                                                                                                                                                                     
  29 00626751   1  0.03951 692.1043  0.2518                                                                                                                                                                                                                     
  30 00480466   1  0.01053 679.2473  0.2000                                                                                                                                                                                                                     
  31 00626759   1  0.02674 704.0750  0.2270                                                                                                                                                                                                                     
  32 00626639   1  0.01543 689.8421  0.0788                                                                                                                                                                                                                     
  33 00480492   1  0.02213 700.9741  0.2276                                                                                                                                                                                                                     
  34 00626679   1  0.01301 721.4982  0.1794                                                                                                                                                                                                                     
  35 00626763   1  0.03230 699.6490  0.2379                                                                                                                                                                                                                     
  36 00480300   1  0.01736 702.1798  0.1446                                                                                                                                                                                                                     
  37 00626717   1  0.05225 714.4041  0.1849                                                                                                                                                                                                                     
  38 00626647   1  0.01811 723.1963  0.1906                                                                                                                                                                                                                     
  39 00626739   1  0.01047 761.2183  0.2000                                                                                                                                                                                                                     
  40 00480484   1  0.02878 734.2507  0.1684                                                                                                                                                                                                                     
