PAR File TN GSTDZALL Final Content:SC Level:21 Form:G Other:CB (13SEP07)                                                                                                                                                                                        
   1 00629941   1  0.02074 688.3201  0.2000                                                                                                                                                                                                                     
   2 00117526   1  0.01794 670.5482  0.0000                                                                                                                                                                                                                     
   3 00116462   1  0.01978 706.3404  0.2064                                                                                                                                                                                                                     
   4 00117494   1  0.01023 682.5425  0.0000                                                                                                                                                                                                                     
   5 00117450   1  0.01647 751.0654  0.2470                                                                                                                                                                                                                     
   6 00116508   1  0.03440 702.4766  0.2520                                                                                                                                                                                                                     
   7 00116470   1  0.02588 729.6203  0.3432                                                                                                                                                                                                                     
   8 00117488   1  0.03237 695.0117  0.1051                                                                                                                                                                                                                     
   9 00117498   1  0.02749 692.9934  0.2000                                                                                                                                                                                                                     
  10 00117406   1  0.01520 649.2217  0.2000                                                                                                                                                                                                                     
  11 00116260   1  0.01322 730.0232  0.1066                                                                                                                                                                                                                     
  12 00117480   1  0.02789 699.1380  0.2325                                                                                                                                                                                                                     
  13 00117410   1  0.02401 706.8117  0.2162                                                                                                                                                                                                                     
  14 00117416   1  0.01615 712.0210  0.2096                                                                                                                                                                                                                     
  15 00117414   1  0.01394 729.3973  0.1596                                                                                                                                                                                                                     
  16 00117524   1  0.04217 769.2872  0.2711                                                                                                                                                                                                                     
  17 00117512   1  0.01214 687.7949  0.0000                                                                                                                                                                                                                     
  18 00117428   1  0.03228 731.2357  0.2565                                                                                                                                                                                                                     
  19 00117444   1  0.01497 727.1560  0.2000                                                                                                                                                                                                                     
  20 00117474   1  0.00902 687.2733  0.0000                                                                                                                                                                                                                     
  21 00117440   1  0.04357 749.7919  0.2054                                                                                                                                                                                                                     
  22 00117492   1  0.00769 699.2136  0.2000                                                                                                                                                                                                                     
  23 00117418   1  0.03559 749.6516  0.2519                                                                                                                                                                                                                     
  24 00117265   1  0.02015 737.1644  0.1182                                                                                                                                                                                                                     
  25 00117263   1  0.01455 751.0762  0.1690                                                                                                                                                                                                                     
  26 00117500   1  0.01495 764.0779  0.2591                                                                                                                                                                                                                     
  27 00117530   1  0.02932 776.7521  0.1637                                                                                                                                                                                                                     
  28 00117508   1  0.01526 704.1135  0.0000                                                                                                                                                                                                                     
  29 00116952   1  0.02144 750.4826  0.1249                                                                                                                                                                                                                     
  30 00629919   1  0.06631 756.0121  0.2535                                                                                                                                                                                                                     
  31 00116520   1  0.02630 752.6555  0.1997                                                                                                                                                                                                                     
  32 00117478   1  0.01986 758.8002  0.3011                                                                                                                                                                                                                     
  33 00117532   1  0.02103 730.4658  0.2300                                                                                                                                                                                                                     
  34 00116738   1  0.02664 737.1392  0.1537                                                                                                                                                                                                                     
  35 00116402   1  0.04815 759.7213  0.2680                                                                                                                                                                                                                     
  36 00117518   1  0.06286 778.0508  0.1075                                                                                                                                                                                                                     
  37 00117241   1  0.02272 746.7124  0.1854                                                                                                                                                                                                                     
  38 00117269   1  0.05644 769.0353  0.3050                                                                                                                                                                                                                     
  39 00117412   1  0.05329 776.1622  0.2193                                                                                                                                                                                                                     
  40 00117514   1  0.01205 765.5781  0.1674                                                                                                                                                                                                                     
