PAR File TN GSTDZALL Final Content:SC Level:18 Form:G Other:CB (13SEP07)                                                                                                                                                                                        
   1 00628369   1  0.02514 630.0963  0.1358                                                                                                                                                                                                                     
   2 00628268   1  0.01854 635.7660  0.2000                                                                                                                                                                                                                     
   3 00628272   1  0.02376 629.3021  0.2000                                                                                                                                                                                                                     
   4 00628248   1  0.02345 653.7869  0.2000                                                                                                                                                                                                                     
   5 00628343   1  0.01802 656.8218  0.1237                                                                                                                                                                                                                     
   6 00628337   1  0.02187 653.2637  0.1358                                                                                                                                                                                                                     
   7 00628274   1  0.02519 639.8032  0.2000                                                                                                                                                                                                                     
   8 00628288   1  0.01752 655.7188  0.2000                                                                                                                                                                                                                     
   9 00628357   1  0.01876 660.2130  0.2000                                                                                                                                                                                                                     
  10 00480882   1  0.01336 621.3978  0.2000                                                                                                                                                                                                                     
  11 00628282   1  0.01635 681.1082  0.2000                                                                                                                                                                                                                     
  12 00628375   1  0.02198 649.9766  0.1358                                                                                                                                                                                                                     
  13 00628381   1  0.01975 670.5692  0.2000                                                                                                                                                                                                                     
  14 00628264   1  0.01719 662.2458  0.2000                                                                                                                                                                                                                     
  15 00628278   1  0.02104 664.9215  0.1293                                                                                                                                                                                                                     
  16 00628252   1  0.03611 679.6269  0.1725                                                                                                                                                                                                                     
  17 00480888   1  0.02061 659.6111  0.1047                                                                                                                                                                                                                     
  18 00480824   1  0.00953 684.5087  0.2000                                                                                                                                                                                                                     
  19 00628276   1  0.02871 701.0641  0.2756                                                                                                                                                                                                                     
  20 00628341   1  0.03513 677.8179  0.2493                                                                                                                                                                                                                     
  21 00628385   1  0.01478 682.3688  0.1241                                                                                                                                                                                                                     
  22 00628258   1  0.02554 692.5107  0.2077                                                                                                                                                                                                                     
  23 00628294   1  0.02978 695.7158  0.2362                                                                                                                                                                                                                     
  24 00480677   1  0.01335 672.4444  0.2000                                                                                                                                                                                                                     
  25 00628280   1  0.02164 719.2363  0.2439                                                                                                                                                                                                                     
  26 00480653   1  0.01689 695.8577  0.1410                                                                                                                                                                                                                     
  27 00628363   1  0.03345 710.0210  0.2342                                                                                                                                                                                                                     
  28 00480717   1  0.02215 722.0003  0.2090                                                                                                                                                                                                                     
  29 00628266   1  0.03229 718.0922  0.2376                                                                                                                                                                                                                     
  30 00480896   1  0.01346 704.8902  0.1308                                                                                                                                                                                                                     
  31 00480711   1  0.01454 725.8862  0.2904                                                                                                                                                                                                                     
  32 00628298   1  0.04648 725.3599  0.2632                                                                                                                                                                                                                     
  33 00628359   1  0.03331 732.0318  0.2326                                                                                                                                                                                                                     
  34 00628304   1  0.01199 689.0912  0.2000                                                                                                                                                                                                                     
  35 00480860   1  0.03905 738.1270  0.3579                                                                                                                                                                                                                     
  36 00480691   1  0.04027 768.6188  0.1206                                                                                                                                                                                                                     
  37 00480508   1  0.02985 705.5740  0.2462                                                                                                                                                                                                                     
  38 00480282   1  0.00885 769.7061  0.2000                                                                                                                                                                                                                     
  39 00628300   1  0.03764 748.2783  0.1783                                                                                                                                                                                                                     
  40 00628256   1  0.02687 756.7057  0.2802                                                                                                                                                                                                                     
