PAR File TN GSTDZALL Final Content:SC Level:12 Form:G Other:CB (13SEP07)                                                                                                                                                                                        
   1 00622804   1  0.01066 385.3558  0.2000                                                                                                                                                                                                                     
   2 00481565   1  0.01909 463.3917  0.2000                                                                                                                                                                                                                     
   3 00622759   1  0.02263 486.5876  0.2000                                                                                                                                                                                                                     
   4 00481517   1  0.01377 437.9810  0.2000                                                                                                                                                                                                                     
   5 00481515   1  0.01982 476.1475  0.2000                                                                                                                                                                                                                     
   6 00622816   1  0.02739 488.2034  0.2000                                                                                                                                                                                                                     
   7 00622777   1  0.02651 484.2719  0.2000                                                                                                                                                                                                                     
   8 00481537   1  0.00690 492.1350  0.2000                                                                                                                                                                                                                     
   9 00622749   1  0.02752 500.4648  0.2000                                                                                                                                                                                                                     
  10 00622818   1  0.03526 505.8485  0.2000                                                                                                                                                                                                                     
  11 00622806   1  0.02493 490.2893  0.2000                                                                                                                                                                                                                     
  12 00622810   1  0.01806 515.3692  0.2000                                                                                                                                                                                                                     
  13 00481521   1  0.02569 515.5642  0.2000                                                                                                                                                                                                                     
  14 00622814   1  0.01975 533.7908  0.2000                                                                                                                                                                                                                     
  15 00622763   1  0.01855 548.8206  0.2200                                                                                                                                                                                                                     
  16 00622765   1  0.01792 548.9808  0.2866                                                                                                                                                                                                                     
  17 00622767   1  0.02203 552.7208  0.1895                                                                                                                                                                                                                     
  18 00622779   1  0.02115 568.3043  0.2186                                                                                                                                                                                                                     
  19 00622761   1  0.00712 584.3649  0.2000                                                                                                                                                                                                                     
  20 00622773   1  0.01210 552.0452  0.2000                                                                                                                                                                                                                     
  21 00622783   1  0.01921 609.3472  0.1402                                                                                                                                                                                                                     
  22 00622822   1  0.02119 619.9824  0.1860                                                                                                                                                                                                                     
  23 00622828   1  0.01661 664.2360  0.1736                                                                                                                                                                                                                     
  24 00622836   1  0.03092 587.3841  0.2506                                                                                                                                                                                                                     
  25 00622775   1  0.02433 627.3405  0.2672                                                                                                                                                                                                                     
