PAR File TN GSTDZALL Final Content:SC Level:13 Form:G Other:CB (13SEP07)                                                                                                                                                                                        
   1 00479395   1  0.01972 550.2104  0.2000                                                                                                                                                                                                                     
   2 00479393   1  0.02323 527.5493  0.2000                                                                                                                                                                                                                     
   3 00623825   1  0.03625 548.5585  0.2000                                                                                                                                                                                                                     
   4 00623831   1  0.03213 517.9561  0.2000                                                                                                                                                                                                                     
   5 00479397   1  0.02082 539.7756  0.2000                                                                                                                                                                                                                     
   6 00623756   1  0.03595 536.6116  0.2000                                                                                                                                                                                                                     
   7 00624881   1  0.03127 575.7037  0.1361                                                                                                                                                                                                                     
   8 00623780   1  0.02342 546.6309  0.2000                                                                                                                                                                                                                     
   9 00623829   1  0.02020 544.2806  0.2000                                                                                                                                                                                                                     
  10 00623851   1  0.01086 531.0694  0.2000                                                                                                                                                                                                                     
  11 00623853   1  0.02256 544.9581  0.2000                                                                                                                                                                                                                     
  12 00623798   1  0.01226 693.3328  0.1540                                                                                                                                                                                                                     
  13 00623790   1  0.02110 576.3254  0.2000                                                                                                                                                                                                                     
  14 00623782   1  0.02066 581.1901  0.1324                                                                                                                                                                                                                     
  15 00623823   1  0.01176 592.2290  0.2000                                                                                                                                                                                                                     
  16 00623746   1  0.01296 582.5206  0.1632                                                                                                                                                                                                                     
  17 00623833   1  0.01925 578.2391  0.1534                                                                                                                                                                                                                     
  18 00623772   1  0.01726 588.7437  0.1486                                                                                                                                                                                                                     
  19 00623857   1  0.01317 593.7377  0.2000                                                                                                                                                                                                                     
  20 00623839   1  0.02885 594.1742  0.2328                                                                                                                                                                                                                     
  21 00623794   1  0.02431 579.9153  0.2000                                                                                                                                                                                                                     
  22 00624963   1  0.02418 610.3746  0.2462                                                                                                                                                                                                                     
  23 00623873   1  0.02239 605.9360  0.1376                                                                                                                                                                                                                     
  24 00623774   1  0.01500 621.8152  0.1569                                                                                                                                                                                                                     
  25 00624941   1  0.01294 614.1288  0.2000                                                                                                                                                                                                                     
  26 00623843   1  0.01687 615.0159  0.1599                                                                                                                                                                                                                     
  27 00623863   1  0.02128 569.1488  0.2000                                                                                                                                                                                                                     
  28 00623766   1  0.00989 644.6754  0.2000                                                                                                                                                                                                                     
  29 00623849   1  0.02124 651.3387  0.2763                                                                                                                                                                                                                     
  30 00479409   1  0.02168 640.8409  0.2016                                                                                                                                                                                                                     
  31 00623837   1  0.01190 693.7205  0.2197                                                                                                                                                                                                                     
  32 00623871   1  0.02159 668.6776  0.1403                                                                                                                                                                                                                     
  33 00623778   1  0.01564 684.0889  0.0993                                                                                                                                                                                                                     
  34 00623768   1  0.03182 689.1281  0.1870                                                                                                                                                                                                                     
  35 00623845   1  0.01035 701.0646  0.2000                                                                                                                                                                                                                     
