PAR File TN GSTDZALL Final Content:SC Level:11 Form:G Other:CB (13SEP07)                                                                                                                                                                                        
   1 00622152   1  0.03528 469.5674  0.2833                                                                                                                                                                                                                     
   2 00622150   1  0.02630 461.5627  0.2833                                                                                                                                                                                                                     
   3 00622204   1  0.03198 456.6130  0.2833                                                                                                                                                                                                                     
   4 00622228   1  0.01302 436.5017  0.2833                                                                                                                                                                                                                     
   5 00622200   1  0.02911 480.2820  0.2833                                                                                                                                                                                                                     
   6 00622208   1  0.03087 480.8560  0.2833                                                                                                                                                                                                                     
   7 00622170   1  0.03310 470.3468  0.2833                                                                                                                                                                                                                     
   8 00622178   1  0.03353 478.2354  0.2833                                                                                                                                                                                                                     
   9 00622212   1  0.03308 491.1809  0.2833                                                                                                                                                                                                                     
  10 00622168   1  0.02977 522.2180  0.3665                                                                                                                                                                                                                     
  11 00622202   1  0.02284 514.1300  0.2833                                                                                                                                                                                                                     
  12 00622206   1  0.04371 531.4095  0.5296                                                                                                                                                                                                                     
  13 00622164   1  0.01803 555.8073  0.2323                                                                                                                                                                                                                     
  14 00622222   1  0.01209 490.7645  0.2833                                                                                                                                                                                                                     
  15 00622172   1  0.02555 538.2540  0.2686                                                                                                                                                                                                                     
  16 00622176   1  0.00303 663.3809  0.2833                                                                                                                                                                                                                     
  17 00622224   1  0.02592 609.4811  0.2833                                                                                                                                                                                                                     
  18 00622218   1  0.02861 522.1644  0.3012                                                                                                                                                                                                                     
  19 00622162   1  0.03322 599.9802  0.1341                                                                                                                                                                                                                     
  20 00622160   1  0.05368 624.9996  0.1848                                                                                                                                                                                                                     
