PAR File TN GSTDZALL Final Content:SC Level:18 Form:G Other:MA (13SEP07)                                                                                                                                                                                        
   1 00628369   1  0.02514 630.0963  0.1358                                                                                                                                                                                                                     
   2 00628268   1  0.01854 635.7660  0.2000                                                                                                                                                                                                                     
   3 00480882   1  0.01336 621.3978  0.2000                                                                                                                                                                                                                     
   4 00628272   1  0.02376 629.3021  0.2000                                                                                                                                                                                                                     
   5 00628274   1  0.02519 639.8032  0.2000                                                                                                                                                                                                                     
   6 00628248   1  0.02345 653.7869  0.2000                                                                                                                                                                                                                     
   7 00628337   1  0.02187 653.2637  0.1358                                                                                                                                                                                                                     
   8 00628288   1  0.01752 655.7188  0.2000                                                                                                                                                                                                                     
   9 00628375   1  0.02198 649.9766  0.1358                                                                                                                                                                                                                     
  10 00628264   1  0.01719 662.2458  0.2000                                                                                                                                                                                                                     
  11 00628252   1  0.03611 679.6269  0.1725                                                                                                                                                                                                                     
  12 00480888   1  0.02061 659.6111  0.1047                                                                                                                                                                                                                     
  13 00480677   1  0.01335 672.4444  0.2000                                                                                                                                                                                                                     
  14 00628278   1  0.02104 664.9215  0.1293                                                                                                                                                                                                                     
  15 00628276   1  0.02871 701.0641  0.2756                                                                                                                                                                                                                     
  16 00628258   1  0.02554 692.5107  0.2077                                                                                                                                                                                                                     
  17 00480896   1  0.01346 704.8902  0.1308                                                                                                                                                                                                                     
  18 00628294   1  0.02978 695.7158  0.2362                                                                                                                                                                                                                     
  19 00628280   1  0.02164 719.2363  0.2439                                                                                                                                                                                                                     
  20 00628266   1  0.03229 718.0922  0.2376                                                                                                                                                                                                                     
  21 00480860   1  0.03905 738.1270  0.3579                                                                                                                                                                                                                     
  22 00628256   1  0.02687 756.7057  0.2802                                                                                                                                                                                                                     
  23 00480691   1  0.04027 768.6188  0.1206                                                                                                                                                                                                                     
  24 00480508   1  0.02985 705.5740  0.2462                                                                                                                                                                                                                     
  25 00480282   1  0.00885 769.7061  0.2000                                                                                                                                                                                                                     
  26 00628321   3  0.02127  13.8425 14.4909                                                                                                                                                                                                                     
  27 00628317   3  0.02360  15.3967 16.2972                                                                                                                                                                                                                     
  28 00628325   3  0.03894  25.5768 27.3535                                                                                                                                                                                                                     
  29 00628315   2  0.02570  17.6091                                                                                                                                                                                                                             
  30 00628393   2  0.03441  24.0638                                                                                                                                                                                                                             
  31 00628319   2  0.03193  23.1490                                                                                                                                                                                                                             
  32 00628401   3  0.03058  21.1220 22.9990                                                                                                                                                                                                                     
  33 00628311   4  0.03467  25.4170 26.4082 25.8198                                                                                                                                                                                                             
  34 00628395   2  0.03672  28.0923                                                                                                                                                                                                                             
  35 00628327   2  0.03242  25.8842                                                                                                                                                                                                                             
