PAR File TN GSTDZALL Final Content:SC Level:17 Form:G Other:SV (13SEP07)                                                                                                                                                                                        
   1 00626715   1  0.02513 636.3757  0.2000                                                                                                                                                                                                                     
   2 00626649   1  0.02842 639.3094  0.2027                                                                                                                                                                                                                     
   3 00626719   1  0.02074 626.0524  0.2000                                                                                                                                                                                                                     
   4 00628333   1  0.02322 650.0444  0.0956                                                                                                                                                                                                                     
   5 00626683   1  0.03472 631.6065  0.2000                                                                                                                                                                                                                     
   6 00626741   1  0.03515 645.6573  0.2000                                                                                                                                                                                                                     
   7 00626709   1  0.01679 652.4589  0.2000                                                                                                                                                                                                                     
   8 00626761   1  0.01823 643.3892  0.0095                                                                                                                                                                                                                     
   9 00626757   1  0.03044 653.5422  0.2129                                                                                                                                                                                                                     
  10 00626733   1  0.02427 669.6403  0.1869                                                                                                                                                                                                                     
  11 00626645   1  0.02182 681.1722  0.2957                                                                                                                                                                                                                     
  12 00626743   1  0.02228 652.0977  0.1234                                                                                                                                                                                                                     
  13 00626673   1  0.03401 674.8542  0.2447                                                                                                                                                                                                                     
  14 00628331   1  0.00420 666.1724  0.2000                                                                                                                                                                                                                     
  15 00626631   1  0.01351 657.7622  0.0095                                                                                                                                                                                                                     
  16 00626755   1  0.01572 660.9645  0.0559                                                                                                                                                                                                                     
  17 00626633   1  0.03180 681.8079  0.1612                                                                                                                                                                                                                     
  18 00626711   1  0.03308 628.8787  0.2000                                                                                                                                                                                                                     
  19 00626665   1  0.01755 692.2476  0.2702                                                                                                                                                                                                                     
  20 00626731   1  0.02245 684.6790  0.1426                                                                                                                                                                                                                     
  21 00626657   1  0.02607 696.8048  0.2345                                                                                                                                                                                                                     
  22 00626639   1  0.01543 689.8421  0.0788                                                                                                                                                                                                                     
  23 00626763   1  0.03230 699.6490  0.2379                                                                                                                                                                                                                     
  24 00626647   1  0.01811 723.1963  0.1906                                                                                                                                                                                                                     
  25 00626739   1  0.01047 761.2183  0.2000                                                                                                                                                                                                                     
