PAR File TN GSTDZALL Final Content:SC Level:16 Form:G Other:MA (13SEP07)                                                                                                                                                                                        
   1 00620845   1  0.03559 575.3778  0.2000                                                                                                                                                                                                                     
   2 00625786   1  0.01625 597.1041  0.2000                                                                                                                                                                                                                     
   3 00625774   1  0.02908 613.9908  0.1042                                                                                                                                                                                                                     
   4 00625768   1  0.03934 608.2594  0.1963                                                                                                                                                                                                                     
   5 00619519   1  0.02114 611.1369  0.2000                                                                                                                                                                                                                     
   6 00625776   1  0.02508 609.8434  0.2000                                                                                                                                                                                                                     
   7 00625880   1  0.02429 623.8729  0.1639                                                                                                                                                                                                                     
   8 00625814   1  0.00903 664.1577  0.2000                                                                                                                                                                                                                     
   9 00625848   1  0.01440 654.4984  0.2000                                                                                                                                                                                                                     
  10 00625870   1  0.02020 660.2737  0.1966                                                                                                                                                                                                                     
  11 00625820   1  0.02289 623.4473  0.1164                                                                                                                                                                                                                     
  12 00625792   1  0.02869 658.8079  0.2303                                                                                                                                                                                                                     
  13 00625892   1  0.02439 650.2396  0.1660                                                                                                                                                                                                                     
  14 00625778   1  0.03165 679.9027  0.1707                                                                                                                                                                                                                     
  15 00625812   1  0.01903 656.7309  0.2023                                                                                                                                                                                                                     
  16 00625884   1  0.02827 661.1890  0.2230                                                                                                                                                                                                                     
  17 00625896   1  0.02404 652.9482  0.1124                                                                                                                                                                                                                     
  18 00625864   1  0.01871 651.1481  0.1166                                                                                                                                                                                                                     
  19 00625854   1  0.01852 676.6402  0.2208                                                                                                                                                                                                                     
  20 00625860   1  0.02615 672.9488  0.1504                                                                                                                                                                                                                     
  21 00625816   1  0.02462 677.7784  0.1568                                                                                                                                                                                                                     
  22 00625868   1  0.02443 680.7842  0.2463                                                                                                                                                                                                                     
  23 00625818   1  0.02197 699.4304  0.1722                                                                                                                                                                                                                     
  24 00625856   1  0.02700 700.3491  0.2031                                                                                                                                                                                                                     
  25 00625852   1  0.01007 774.8901  0.1586                                                                                                                                                                                                                     
  26 00625916   3  0.01264   6.8846  8.4661                                                                                                                                                                                                                     
  27 00625828   2  0.01485   9.1070                                                                                                                                                                                                                             
  28 00625920   2  0.02778  17.2646                                                                                                                                                                                                                             
  29 00625836   3  0.01762  11.8825 13.0131                                                                                                                                                                                                                     
  30 00625840   2  0.02784  18.7669                                                                                                                                                                                                                             
  31 00625838   2  0.02464  15.3488                                                                                                                                                                                                                             
  32 00625914   4  0.02162  13.0889 15.0001 15.8909                                                                                                                                                                                                             
  33 00625926   3  0.02908  19.7749 21.0680                                                                                                                                                                                                                     
  34 00625834   3  0.04042  28.5253 30.1676                                                                                                                                                                                                                     
  35 00625922   2  0.03379  24.5576                                                                                                                                                                                                                             
  36 00625928   3  0.02260  17.1144 15.7059                                                                                                                                                                                                                     
