PAR File TN GSTDZALL Final Content:SC Level:14 Form:G Other:CB (13SEP07)                                                                                                                                                                                        
   1 00624907   1  0.01800 557.7675  0.2000                                                                                                                                                                                                                     
   2 00624951   1  0.02764 550.5184  0.2000                                                                                                                                                                                                                     
   3 00624953   1  0.00755 522.9799  0.2000                                                                                                                                                                                                                     
   4 00624867   1  0.01367 529.5151  0.2000                                                                                                                                                                                                                     
   5 00623784   1  0.03529 596.4751  0.1766                                                                                                                                                                                                                     
   6 00624975   1  0.02385 571.1409  0.2000                                                                                                                                                                                                                     
   7 00624863   1  0.02431 560.0799  0.2000                                                                                                                                                                                                                     
   8 00624959   1  0.01810 616.3838  0.2000                                                                                                                                                                                                                     
   9 00624859   1  0.02080 583.2877  0.2000                                                                                                                                                                                                                     
  10 00624869   1  0.03094 598.3466  0.1466                                                                                                                                                                                                                     
  11 00624985   1  0.03605 713.2458  0.2357                                                                                                                                                                                                                     
  12 00624943   1  0.02466 612.0709  0.2328                                                                                                                                                                                                                     
  13 00624971   1  0.02918 604.4290  0.1514                                                                                                                                                                                                                     
  14 00624901   1  0.02065 607.5062  0.1714                                                                                                                                                                                                                     
  15 00624947   1  0.01971 539.9943  0.2000                                                                                                                                                                                                                     
  16 00624999   1  0.02191 617.6464  0.1740                                                                                                                                                                                                                     
  17 00624885   1  0.03269 616.0869  0.3012                                                                                                                                                                                                                     
  18 00624899   1  0.03982 621.9413  0.1905                                                                                                                                                                                                                     
  19 00624883   1  0.02431 631.5537  0.2248                                                                                                                                                                                                                     
  20 00624967   1  0.02601 628.6325  0.1877                                                                                                                                                                                                                     
  21 00624897   1  0.01796 627.9487  0.1578                                                                                                                                                                                                                     
  22 00624905   1  0.03571 648.1363  0.2214                                                                                                                                                                                                                     
  23 00481729   1  0.03107 643.7874  0.2515                                                                                                                                                                                                                     
  24 00624993   1  0.02436 653.4658  0.2563                                                                                                                                                                                                                     
  25 00624887   1  0.02861 675.7708  0.2934                                                                                                                                                                                                                     
  26 00624913   1  0.02583 638.0230  0.1919                                                                                                                                                                                                                     
  27 00624989   1  0.02594 644.5612  0.1626                                                                                                                                                                                                                     
  28 00624965   1  0.02272 661.7076  0.1987                                                                                                                                                                                                                     
  29 00624865   1  0.02107 674.6312  0.2658                                                                                                                                                                                                                     
  30 00624889   1  0.02657 671.5510  0.1604                                                                                                                                                                                                                     
  31 00479253   1  0.00806 724.3428  0.2000                                                                                                                                                                                                                     
  32 00484007   1  0.02758 677.8103  0.1657                                                                                                                                                                                                                     
  33 00624955   1  0.03240 658.9214  0.2455                                                                                                                                                                                                                     
  34 00481739   1  0.01381 664.2209  0.2000                                                                                                                                                                                                                     
  35 00624903   1  0.00912 672.6277  0.2000                                                                                                                                                                                                                     
  36 00481747   1  0.02654 694.8247  0.2449                                                                                                                                                                                                                     
  37 00481727   1  0.03063 673.7074  0.2702                                                                                                                                                                                                                     
  38 00484013   1  0.02131 732.4316  0.1727                                                                                                                                                                                                                     
  39 00483975   1  0.03493 707.1484  0.3361                                                                                                                                                                                                                     
  40 00624891   1  0.01351 744.3144  0.1863                                                                                                                                                                                                                     
