PAR File TN GSTDZALL Final Content:SC Level:19 Form:G Other:SV (13SEP07)                                                                                                                                                                                        
   1 00629663   1  0.03119 638.0291  0.1907                                                                                                                                                                                                                     
   2 00629727   1  0.02242 655.2441  0.2000                                                                                                                                                                                                                     
   3 00629725   1  0.01155 650.7831  0.2000                                                                                                                                                                                                                     
   4 00629671   1  0.02671 659.2343  0.1907                                                                                                                                                                                                                     
   5 00629739   1  0.02700 665.1881  0.1304                                                                                                                                                                                                                     
   6 00629659   1  0.02156 674.8341  0.1463                                                                                                                                                                                                                     
   7 00629669   1  0.01812 664.1899  0.2000                                                                                                                                                                                                                     
   8 00629643   1  0.01986 673.4008  0.1672                                                                                                                                                                                                                     
   9 00629655   1  0.02784 683.0170  0.1752                                                                                                                                                                                                                     
  10 00629723   1  0.02632 680.0758  0.1068                                                                                                                                                                                                                     
  11 00629759   1  0.02939 692.6302  0.2111                                                                                                                                                                                                                     
  12 00629769   1  0.03275 682.0187  0.2046                                                                                                                                                                                                                     
  13 00629697   1  0.02321 690.2314  0.1366                                                                                                                                                                                                                     
  14 00629649   1  0.02753 683.2524  0.2000                                                                                                                                                                                                                     
  15 00480840   1  0.01123 725.9308  0.2000                                                                                                                                                                                                                     
  16 00629737   1  0.01757 710.0627  0.1943                                                                                                                                                                                                                     
  17 00629691   1  0.02884 686.5989  0.1607                                                                                                                                                                                                                     
  18 00629735   1  0.03614 715.9600  0.2258                                                                                                                                                                                                                     
  19 00480838   1  0.02370 720.4895  0.1428                                                                                                                                                                                                                     
  20 00629749   1  0.03557 719.6193  0.3150                                                                                                                                                                                                                     
  21 00629695   1  0.02180 749.4960  0.2431                                                                                                                                                                                                                     
  22 00480707   1  0.01049 748.7867  0.2000                                                                                                                                                                                                                     
  23 00629751   1  0.00785 764.5178  0.2000                                                                                                                                                                                                                     
  24 00480844   1  0.04458 738.6968  0.2956                                                                                                                                                                                                                     
  25 00629693   1  0.04029 760.2565  0.2101                                                                                                                                                                                                                     
