PAR File TN GSTDZALL Final Content:SC Level:21 Form:G Other:SV (13SEP07)                                                                                                                                                                                        
   1 00629941   1  0.02074 688.3201  0.2000                                                                                                                                                                                                                     
   2 00117526   1  0.01794 670.5482  0.0000                                                                                                                                                                                                                     
   3 00116462   1  0.01978 706.3404  0.2064                                                                                                                                                                                                                     
   4 00117498   1  0.02749 692.9934  0.2000                                                                                                                                                                                                                     
   5 00117450   1  0.01647 751.0654  0.2470                                                                                                                                                                                                                     
   6 00116470   1  0.02588 729.6203  0.3432                                                                                                                                                                                                                     
   7 00117480   1  0.02789 699.1380  0.2325                                                                                                                                                                                                                     
   8 00117410   1  0.02401 706.8117  0.2162                                                                                                                                                                                                                     
   9 00117416   1  0.01615 712.0210  0.2096                                                                                                                                                                                                                     
  10 00117414   1  0.01394 729.3973  0.1596                                                                                                                                                                                                                     
  11 00117524   1  0.04217 769.2872  0.2711                                                                                                                                                                                                                     
  12 00117512   1  0.01214 687.7949  0.0000                                                                                                                                                                                                                     
  13 00117508   1  0.01526 704.1135  0.0000                                                                                                                                                                                                                     
  14 00117440   1  0.04357 749.7919  0.2054                                                                                                                                                                                                                     
  15 00117492   1  0.00769 699.2136  0.2000                                                                                                                                                                                                                     
  16 00117418   1  0.03559 749.6516  0.2519                                                                                                                                                                                                                     
  17 00116952   1  0.02144 750.4826  0.1249                                                                                                                                                                                                                     
  18 00117530   1  0.02932 776.7521  0.1637                                                                                                                                                                                                                     
  19 00116520   1  0.02630 752.6555  0.1997                                                                                                                                                                                                                     
  20 00629919   1  0.06631 756.0121  0.2535                                                                                                                                                                                                                     
  21 00116260   1  0.01322 730.0232  0.1066                                                                                                                                                                                                                     
  22 00117428   1  0.03228 731.2357  0.2565                                                                                                                                                                                                                     
  23 00117265   1  0.02015 737.1644  0.1182                                                                                                                                                                                                                     
  24 00117241   1  0.02272 746.7124  0.1854                                                                                                                                                                                                                     
  25 00117269   1  0.05644 769.0353  0.3050                                                                                                                                                                                                                     
