PAR File TN GSTDZALL Final Content:SC Level:16 Form:G Other:CB (13SEP07)                                                                                                                                                                                        
   1 00625770   1  0.01472 571.9160  0.2000                                                                                                                                                                                                                     
   2 00620845   1  0.03559 575.3778  0.2000                                                                                                                                                                                                                     
   3 00625774   1  0.02908 613.9908  0.1042                                                                                                                                                                                                                     
   4 00625786   1  0.01625 597.1041  0.2000                                                                                                                                                                                                                     
   5 00625768   1  0.03934 608.2594  0.1963                                                                                                                                                                                                                     
   6 00625880   1  0.02429 623.8729  0.1639                                                                                                                                                                                                                     
   7 00625806   1  0.01615 624.7577  0.2000                                                                                                                                                                                                                     
   8 00625776   1  0.02508 609.8434  0.2000                                                                                                                                                                                                                     
   9 00619519   1  0.02114 611.1369  0.2000                                                                                                                                                                                                                     
  10 00625820   1  0.02289 623.4473  0.1164                                                                                                                                                                                                                     
  11 00625848   1  0.01440 654.4984  0.2000                                                                                                                                                                                                                     
  12 00625870   1  0.02020 660.2737  0.1966                                                                                                                                                                                                                     
  13 00625814   1  0.00903 664.1577  0.2000                                                                                                                                                                                                                     
  14 00625902   1  0.03334 672.4625  0.2307                                                                                                                                                                                                                     
  15 00625810   1  0.03636 666.7311  0.1985                                                                                                                                                                                                                     
  16 00625892   1  0.02439 650.2396  0.1660                                                                                                                                                                                                                     
  17 00625792   1  0.02869 658.8079  0.2303                                                                                                                                                                                                                     
  18 00479919   1  0.01565 659.4327  0.2000                                                                                                                                                                                                                     
  19 00625778   1  0.03165 679.9027  0.1707                                                                                                                                                                                                                     
  20 00625812   1  0.01903 656.7309  0.2023                                                                                                                                                                                                                     
  21 00625884   1  0.02827 661.1890  0.2230                                                                                                                                                                                                                     
  22 00625860   1  0.02615 672.9488  0.1504                                                                                                                                                                                                                     
  23 00625864   1  0.01871 651.1481  0.1166                                                                                                                                                                                                                     
  24 00625854   1  0.01852 676.6402  0.2208                                                                                                                                                                                                                     
  25 00625896   1  0.02404 652.9482  0.1124                                                                                                                                                                                                                     
  26 00625816   1  0.02462 677.7784  0.1568                                                                                                                                                                                                                     
  27 00479923   1  0.01495 666.8594  0.1368                                                                                                                                                                                                                     
  28 00625868   1  0.02443 680.7842  0.2463                                                                                                                                                                                                                     
  29 00625900   1  0.03937 688.6906  0.2837                                                                                                                                                                                                                     
  30 00625818   1  0.02197 699.4304  0.1722                                                                                                                                                                                                                     
  31 00479963   1  0.01132 703.1590  0.2000                                                                                                                                                                                                                     
  32 00625886   1  0.02395 689.5822  0.1333                                                                                                                                                                                                                     
  33 00625802   1  0.01224 700.8422  0.1308                                                                                                                                                                                                                     
  34 00479921   1  0.02942 698.7043  0.1371                                                                                                                                                                                                                     
  35 00625856   1  0.02700 700.3491  0.2031                                                                                                                                                                                                                     
  36 00480133   1  0.01432 699.4473  0.2308                                                                                                                                                                                                                     
  37 00625882   1  0.04502 706.7897  0.1752                                                                                                                                                                                                                     
  38 00480125   1  0.00953 709.7954  0.2000                                                                                                                                                                                                                     
  39 00480123   1  0.04586 725.2974  0.2365                                                                                                                                                                                                                     
  40 00625852   1  0.01007 774.8901  0.1586                                                                                                                                                                                                                     
