PAR File TN GSTDZALL Final Content:SS Level:19 Form:G Other:MA (13SEP07)                                                                                                                                                                                        
   1 00630009   1  0.02436 638.1943  0.2000                                                                                                                                                                                                                     
   2 00630011   1  0.03818 696.6151  0.2597                                                                                                                                                                                                                     
   3 00630015   1  0.02338 708.3884  0.2013                                                                                                                                                                                                                     
   4 00629965   1  0.01911 686.6686  0.2068                                                                                                                                                                                                                     
   5 00629967   1  0.03236 714.5909  0.1848                                                                                                                                                                                                                     
   6 00629979   1  0.04744 680.4326  0.2158                                                                                                                                                                                                                     
   7 00629983   1  0.04219 690.6904  0.2448                                                                                                                                                                                                                     
   8 00630057   1  0.05540 671.7015  0.1896                                                                                                                                                                                                                     
   9 00630059   1  0.04168 659.2742  0.1453                                                                                                                                                                                                                     
  10 00630061   1  0.03711 718.5228  0.2746                                                                                                                                                                                                                     
  11 00630073   1  0.03622 689.7643  0.2122                                                                                                                                                                                                                     
  12 00630079   1  0.01474 695.4672  0.2105                                                                                                                                                                                                                     
  13 00628539   1  0.03220 681.2886  0.1932                                                                                                                                                                                                                     
  14 00628541   1  0.05465 677.2697  0.2550                                                                                                                                                                                                                     
  15 00630245   1  0.02731 683.9997  0.1741                                                                                                                                                                                                                     
  16 00630019   1  0.03698 678.5887  0.1938                                                                                                                                                                                                                     
  17 00629971   1  0.04354 718.7529  0.1792                                                                                                                                                                                                                     
  18 00630001   1  0.03710 708.5428  0.2280                                                                                                                                                                                                                     
  19 00629987   1  0.05307 739.8552  0.2867                                                                                                                                                                                                                     
  20 00629973   1  0.05572 647.6074  0.1875                                                                                                                                                                                                                     
  21 00629985   1  0.02625 682.8322  0.1473                                                                                                                                                                                                                     
  22 00630087   1  0.03092 690.9431  0.2079                                                                                                                                                                                                                     
  23 00630071   1  0.01494 734.7783  0.1837                                                                                                                                                                                                                     
  24 00628533   1  0.02194 687.9092  0.1661                                                                                                                                                                                                                     
  25 00628537   1  0.03402 676.2200  0.2223                                                                                                                                                                                                                     
  26 00630023   4  0.02940  19.8086 20.2840 20.4466                                                                                                                                                                                                             
  27 00630025   4  0.03590  23.5138 25.0945 24.4538                                                                                                                                                                                                             
  28 00628482   3  0.04197  28.3404 31.3428                                                                                                                                                                                                                     
  29 00630111   3  0.02789  19.3500 19.5208                                                                                                                                                                                                                     
  30 00630105   3  0.02989  20.7728 21.3067                                                                                                                                                                                                                     
  31 00630043   4  0.03528  25.3002 25.9850 26.2755                                                                                                                                                                                                             
  32 00630031   3  0.03015  22.0518 22.4680                                                                                                                                                                                                                     
  33 00630113   2  0.03625  24.4568                                                                                                                                                                                                                             
  34 00630115   2  0.04513  28.4424                                                                                                                                                                                                                             
  35 00630117   2  0.03487  23.9858                                                                                                                                                                                                                             
  36 00630037   2  0.02994  19.6554                                                                                                                                                                                                                             
