PAR File TN GSTDZALL Final Content:SS Level:12 Form:G Other:CB (13SEP07)                                                                                                                                                                                        
   1 00622888   1  0.02933 531.0480  0.2000                                                                                                                                                                                                                     
   2 00622915   1  0.02169 538.9000  0.2000                                                                                                                                                                                                                     
   3 00622917   1  0.00884 598.0728  0.2000                                                                                                                                                                                                                     
   4 00622858   1  0.03606 559.1090  0.3105                                                                                                                                                                                                                     
   5 00622860   1  0.03385 558.1834  0.1435                                                                                                                                                                                                                     
   6 00622872   1  0.02625 570.2131  0.1365                                                                                                                                                                                                                     
   7 00622870   1  0.02705 573.5240  0.1685                                                                                                                                                                                                                     
   8 00622874   1  0.02290 545.8573  0.1899                                                                                                                                                                                                                     
   9 00622878   1  0.03622 549.1597  0.1532                                                                                                                                                                                                                     
  10 00622933   1  0.01244 576.1469  0.2000                                                                                                                                                                                                                     
  11 00622923   1  0.02529 644.8579  0.0687                                                                                                                                                                                                                     
  12 00622882   1  0.03419 532.0071  0.2000                                                                                                                                                                                                                     
  13 00622884   1  0.02211 552.4538  0.2000                                                                                                                                                                                                                     
  14 00622886   1  0.02974 600.5280  0.2636                                                                                                                                                                                                                     
  15 00622941   1  0.01929 559.8584  0.1899                                                                                                                                                                                                                     
  16 00622943   1  0.03212 521.9181  0.2000                                                                                                                                                                                                                     
  17 00622925   1  0.02379 545.0240  0.2000                                                                                                                                                                                                                     
  18 00622929   1  0.03444 536.1121  0.2000                                                                                                                                                                                                                     
  19 00622931   1  0.04092 556.6259  0.2696                                                                                                                                                                                                                     
  20 00622945   1  0.03031 543.0917  0.2000                                                                                                                                                                                                                     
  21 00622890   1  0.02958 505.5932  0.2000                                                                                                                                                                                                                     
  22 00622947   1  0.01776 561.7739  0.2000                                                                                                                                                                                                                     
  23 00622949   1  0.02885 564.4807  0.1367                                                                                                                                                                                                                     
  24 00622894   1  0.03436 566.1361  0.1793                                                                                                                                                                                                                     
  25 00622951   1  0.02925 580.6910  0.1316                                                                                                                                                                                                                     
