PAR File TN GSTDZALL Final Content:SS Level:21 Form:G Other:SV (13SEP07)                                                                                                                                                                                        
   1 00120066   1  0.02956 683.9902  0.1962                                                                                                                                                                                                                     
   2 00120064   1  0.01379 737.7387  0.2000                                                                                                                                                                                                                     
   3 00120942   1  0.03410 663.9241  0.2000                                                                                                                                                                                                                     
   4 00120944   1  0.03858 670.5004  0.1373                                                                                                                                                                                                                     
   5 00120086   1  0.02005 736.7358  0.1742                                                                                                                                                                                                                     
   6 00119759   1  0.04110 714.6900  0.2208                                                                                                                                                                                                                     
   7 00120114   1  0.04415 704.6757  0.2722                                                                                                                                                                                                                     
   8 00120116   1  0.03128 702.1311  0.1957                                                                                                                                                                                                                     
   9 00120108   1  0.04059 688.8892  0.1567                                                                                                                                                                                                                     
  10 00120110   1  0.04483 725.4565  0.2307                                                                                                                                                                                                                     
  11 00120886   1  0.05074 675.8289  0.1576                                                                                                                                                                                                                     
  12 00120888   1  0.03122 731.9866  0.2391                                                                                                                                                                                                                     
  13 00120896   1  0.03839 744.1882  0.1694                                                                                                                                                                                                                     
  14 00120900   1  0.02804 715.8140  0.2180                                                                                                                                                                                                                     
  15 00120930   1  0.04456 691.4771  0.2546                                                                                                                                                                                                                     
  16 00120934   1  0.04580 708.1282  0.2582                                                                                                                                                                                                                     
  17 00120936   1  0.03829 693.2090  0.1993                                                                                                                                                                                                                     
  18 00120938   1  0.04409 748.3034  0.2666                                                                                                                                                                                                                     
  19 00120992   1  0.04186 715.8485  0.2219                                                                                                                                                                                                                     
  20 00120994   1  0.03099 732.3123  0.2727                                                                                                                                                                                                                     
  21 00120996   1  0.01415 741.3958  0.1688                                                                                                                                                                                                                     
  22 00121714   1  0.03163 677.3101  0.0000                                                                                                                                                                                                                     
  23 00120986   1  0.04470 690.7278  0.1380                                                                                                                                                                                                                     
  24 00119723   1  0.03630 700.3560  0.1665                                                                                                                                                                                                                     
  25 00119719   1  0.01075 786.1761  0.1813                                                                                                                                                                                                                     
