PAR File TN GSTDZALL Final Content:SS Level:14 Form:G Other:MA (13SEP07)                                                                                                                                                                                        
   1 00625027   1  0.02638 586.8132  0.2000                                                                                                                                                                                                                     
   2 00625029   1  0.03266 619.7538  0.2665                                                                                                                                                                                                                     
   3 00625035   1  0.02075 623.4856  0.2000                                                                                                                                                                                                                     
   4 00625063   1  0.01968 623.0345  0.2000                                                                                                                                                                                                                     
   5 00625065   1  0.03967 639.7495  0.1618                                                                                                                                                                                                                     
   6 00625120   1  0.03095 604.5316  0.1338                                                                                                                                                                                                                     
   7 00625122   1  0.02683 607.2682  0.1367                                                                                                                                                                                                                     
   8 00625071   1  0.02588 639.0442  0.1880                                                                                                                                                                                                                     
   9 00625073   1  0.03622 620.1558  0.2281                                                                                                                                                                                                                     
  10 00625075   1  0.03222 644.7033  0.2391                                                                                                                                                                                                                     
  11 00625079   1  0.03904 640.4685  0.1672                                                                                                                                                                                                                     
  12 00625081   1  0.02887 623.0018  0.1299                                                                                                                                                                                                                     
  13 00625083   1  0.02062 689.6895  0.2855                                                                                                                                                                                                                     
  14 00625152   1  0.03661 615.5163  0.1147                                                                                                                                                                                                                     
  15 00625154   1  0.02144 644.2714  0.1671                                                                                                                                                                                                                     
  16 00625124   1  0.03567 612.2657  0.2000                                                                                                                                                                                                                     
  17 00625166   1  0.02245 612.0689  0.1671                                                                                                                                                                                                                     
  18 00625168   1  0.02742 648.9354  0.1490                                                                                                                                                                                                                     
  19 00625172   1  0.02507 655.2452  0.1759                                                                                                                                                                                                                     
  20 00625174   1  0.02263 632.8273  0.1671                                                                                                                                                                                                                     
  21 00625160   1  0.01876 627.9172  0.1428                                                                                                                                                                                                                     
  22 00625162   1  0.01639 647.4919  0.1433                                                                                                                                                                                                                     
  23 00625144   1  0.03959 664.5049  0.2981                                                                                                                                                                                                                     
  24 00625146   1  0.03593 647.5220  0.1944                                                                                                                                                                                                                     
  25 00625148   1  0.03566 678.5844  0.2426                                                                                                                                                                                                                     
  26 00625088   3  0.03453  19.8794 20.5840                                                                                                                                                                                                                     
  27 00625090   3  0.03424  21.5052 23.9772                                                                                                                                                                                                                     
  28 00625180   3  0.02932  19.1277 19.9865                                                                                                                                                                                                                     
  29 00625094   3  0.02580  16.2213 17.2749                                                                                                                                                                                                                     
  30 00625188   4  0.03249  20.5260 21.1930 22.7120                                                                                                                                                                                                             
  31 00625096   3  0.01639  10.6755  9.5848                                                                                                                                                                                                                     
  32 00625190   3  0.02756  18.0037 17.8849                                                                                                                                                                                                                     
  33 00625104   3  0.03245  19.5653 19.7743                                                                                                                                                                                                                     
  34 00625102   4  0.02158  12.9088 12.9163 12.7577                                                                                                                                                                                                             
