PAR File TN GSTDZALL Final Content:SS Level:18 Form:G Other:SV (13SEP07)                                                                                                                                                                                        
   1 00628416   1  0.04353 683.4606  0.3042                                                                                                                                                                                                                     
   2 00628420   1  0.02922 668.2354  0.2076                                                                                                                                                                                                                     
   3 00628422   1  0.02560 700.4120  0.2335                                                                                                                                                                                                                     
   4 00628440   1  0.03957 677.6451  0.2673                                                                                                                                                                                                                     
   5 00628507   1  0.03986 659.7177  0.1515                                                                                                                                                                                                                     
   6 00628509   1  0.01395 723.4484  0.1412                                                                                                                                                                                                                     
   7 00628529   1  0.02186 671.2271  0.1507                                                                                                                                                                                                                     
   8 00630007   1  0.02593 686.8578  0.1925                                                                                                                                                                                                                     
   9 00628559   1  0.03538 666.0545  0.2305                                                                                                                                                                                                                     
  10 00630101   1  0.05222 661.2092  0.2207                                                                                                                                                                                                                     
  11 00628438   1  0.03630 672.0264  0.1639                                                                                                                                                                                                                     
  12 00628517   1  0.02986 668.5164  0.1984                                                                                                                                                                                                                     
  13 00628519   1  0.04439 677.8217  0.1673                                                                                                                                                                                                                     
  14 00628523   1  0.02615 714.8264  0.1813                                                                                                                                                                                                                     
  15 00628450   1  0.01985 681.6042  0.1810                                                                                                                                                                                                                     
  16 00628527   1  0.04119 667.1522  0.1513                                                                                                                                                                                                                     
  17 00628515   1  0.02846 692.3548  0.1480                                                                                                                                                                                                                     
  18 00628551   1  0.02743 653.7370  0.2000                                                                                                                                                                                                                     
  19 00628553   1  0.03324 667.4012  0.2369                                                                                                                                                                                                                     
  20 00626846   1  0.01394 681.3059  0.0974                                                                                                                                                                                                                     
  21 00626848   1  0.02576 656.9866  0.0758                                                                                                                                                                                                                     
  22 00628454   1  0.02500 643.5627  0.0851                                                                                                                                                                                                                     
  23 00628456   1  0.03800 673.8743  0.1602                                                                                                                                                                                                                     
  24 00628460   1  0.02436 684.9116  0.1775                                                                                                                                                                                                                     
  25 00626842   1  0.02912 671.7108  0.1980                                                                                                                                                                                                                     
