PAR File TN GSTDZALL Final Content:SS Level:13 Form:G Other:MA (13SEP07)                                                                                                                                                                                        
   1 00623967   1  0.02726 589.0240  0.2000                                                                                                                                                                                                                     
   2 00623899   1  0.03330 581.9009  0.1412                                                                                                                                                                                                                     
   3 00623911   1  0.03368 570.3054  0.2000                                                                                                                                                                                                                     
   4 00623913   1  0.02747 633.7504  0.0847                                                                                                                                                                                                                     
   5 00623987   1  0.02968 619.3596  0.1787                                                                                                                                                                                                                     
   6 00623989   1  0.03721 585.5039  0.2000                                                                                                                                                                                                                     
   7 00623991   1  0.02196 599.0521  0.1412                                                                                                                                                                                                                     
   8 00623937   1  0.03328 592.8892  0.1972                                                                                                                                                                                                                     
   9 00623939   1  0.01994 602.8638  0.1412                                                                                                                                                                                                                     
  10 00623943   1  0.03305 591.1907  0.0920                                                                                                                                                                                                                     
  11 00623897   1  0.02126 626.5791  0.0843                                                                                                                                                                                                                     
  12 00623969   1  0.03409 603.5004  0.2530                                                                                                                                                                                                                     
  13 00623917   1  0.02351 589.2327  0.1346                                                                                                                                                                                                                     
  14 00623919   1  0.02466 602.3475  0.2000                                                                                                                                                                                                                     
  15 00623925   1  0.02375 619.0734  0.1331                                                                                                                                                                                                                     
  16 00623979   1  0.03440 598.3914  0.2409                                                                                                                                                                                                                     
  17 00623981   1  0.03071 584.7336  0.1412                                                                                                                                                                                                                     
  18 00623999   1  0.03301 593.3787  0.2000                                                                                                                                                                                                                     
  19 00624003   1  0.01550 602.1951  0.2000                                                                                                                                                                                                                     
  20 00624007   1  0.02484 614.5877  0.1696                                                                                                                                                                                                                     
  21 00623952   3  0.02825  17.5905 17.4384                                                                                                                                                                                                                     
  22 00623954   3  0.03273  19.2396 19.5788                                                                                                                                                                                                                     
  23 00623964   2  0.04853  29.3608                                                                                                                                                                                                                             
  24 00623962   3  0.01907  11.3792 11.8505                                                                                                                                                                                                                     
  25 00624023   3  0.01584  10.6871 10.6911                                                                                                                                                                                                                     
  26 00624021   3  0.02243  13.3148 14.0655                                                                                                                                                                                                                     
  27 00623958   4  0.02354  13.6542 11.8810 13.2477                                                                                                                                                                                                             
