PAR File TN GSTDZALL Final Content:SS Level:12 Form:G Other:MA (13SEP07)                                                                                                                                                                                        
   1 00622915   1  0.02169 538.9000  0.2000                                                                                                                                                                                                                     
   2 00622917   1  0.00884 598.0728  0.2000                                                                                                                                                                                                                     
   3 00622858   1  0.03606 559.1090  0.3105                                                                                                                                                                                                                     
   4 00622860   1  0.03385 558.1834  0.1435                                                                                                                                                                                                                     
   5 00622872   1  0.02625 570.2131  0.1365                                                                                                                                                                                                                     
   6 00622870   1  0.02705 573.5240  0.1685                                                                                                                                                                                                                     
   7 00622874   1  0.02290 545.8573  0.1899                                                                                                                                                                                                                     
   8 00622878   1  0.03622 549.1597  0.1532                                                                                                                                                                                                                     
   9 00622923   1  0.02529 644.8579  0.0687                                                                                                                                                                                                                     
  10 00622888   1  0.02933 531.0480  0.2000                                                                                                                                                                                                                     
  11 00622925   1  0.02379 545.0240  0.2000                                                                                                                                                                                                                     
  12 00622929   1  0.03444 536.1121  0.2000                                                                                                                                                                                                                     
  13 00622931   1  0.04092 556.6259  0.2696                                                                                                                                                                                                                     
  14 00622941   1  0.01929 559.8584  0.1899                                                                                                                                                                                                                     
  15 00622943   1  0.03212 521.9181  0.2000                                                                                                                                                                                                                     
  16 00622945   1  0.03031 543.0917  0.2000                                                                                                                                                                                                                     
  17 00622890   1  0.02958 505.5932  0.2000                                                                                                                                                                                                                     
  18 00622947   1  0.01776 561.7739  0.2000                                                                                                                                                                                                                     
  19 00622949   1  0.02885 564.4807  0.1367                                                                                                                                                                                                                     
  20 00622951   1  0.02925 580.6910  0.1316                                                                                                                                                                                                                     
  21 00622896   2  0.03918  22.3546                                                                                                                                                                                                                             
  22 00622898   2  0.04608  24.0187                                                                                                                                                                                                                             
  23 00622900   2  0.03354  19.0358                                                                                                                                                                                                                             
  24 00622902   2  0.03488  19.1629                                                                                                                                                                                                                             
  25 00622904   2  0.03346  17.6770                                                                                                                                                                                                                             
  26 00622966   4  0.03321  17.6204 18.8204 17.9374                                                                                                                                                                                                             
  27 00622908   2  0.03719  22.1781                                                                                                                                                                                                                             
  28 00622968   3  0.02473  13.5620 13.2316                                                                                                                                                                                                                     
  29 00622962   2  0.03579  20.2122                                                                                                                                                                                                                             
