PAR File TN GSTDZALL Final Content:SS Level:20 Form:G Other:CB (13SEP07)                                                                                                                                                                                        
   1 00630251   1  0.02202 675.7744  0.1641                                                                                                                                                                                                                     
   2 00630253   1  0.03770 686.7873  0.2105                                                                                                                                                                                                                     
   3 00630255   1  0.03415 698.3249  0.2688                                                                                                                                                                                                                     
   4 00630257   1  0.03207 676.1582  0.2205                                                                                                                                                                                                                     
   5 00630173   1  0.03710 655.5746  0.1193                                                                                                                                                                                                                     
   6 00630177   1  0.01833 663.4393  0.1563                                                                                                                                                                                                                     
   7 00630139   1  0.03817 662.5427  0.0952                                                                                                                                                                                                                     
   8 00630137   1  0.01861 689.6447  0.1505                                                                                                                                                                                                                     
   9 00630127   1  0.04159 693.2548  0.1772                                                                                                                                                                                                                     
  10 00630129   1  0.02592 674.6320  0.1833                                                                                                                                                                                                                     
  11 00630131   1  0.03727 667.3161  0.2148                                                                                                                                                                                                                     
  12 00630133   1  0.03398 699.1704  0.2112                                                                                                                                                                                                                     
  13 00630161   1  0.03169 676.1013  0.0970                                                                                                                                                                                                                     
  14 00630163   1  0.02973 690.0345  0.1370                                                                                                                                                                                                                     
  15 00630165   1  0.04664 687.7828  0.2289                                                                                                                                                                                                                     
  16 00630167   1  0.02404 651.4728  0.2000                                                                                                                                                                                                                     
  17 00630169   1  0.03454 685.4860  0.1979                                                                                                                                                                                                                     
  18 00630171   1  0.02781 690.3823  0.1500                                                                                                                                                                                                                     
  19 00630149   1  0.04005 736.2000  0.2329                                                                                                                                                                                                                     
  20 00630151   1  0.06191 727.7896  0.1777                                                                                                                                                                                                                     
  21 00630235   1  0.04160 685.7979  0.2133                                                                                                                                                                                                                     
  22 00630219   1  0.02852 709.4937  0.2308                                                                                                                                                                                                                     
  23 00630215   1  0.03063 719.4662  0.2053                                                                                                                                                                                                                     
  24 00630217   1  0.03484 684.4036  0.0990                                                                                                                                                                                                                     
  25 00630209   1  0.02000 716.4319  0.1629                                                                                                                                                                                                                     
  26 00823536   1  0.01888 697.6323  0.2000                                                                                                                                                                                                                     
  27 00630213   1  0.02633 669.8227  0.1480                                                                                                                                                                                                                     
  28 00630175   1  0.04250 681.5492  0.1985                                                                                                                                                                                                                     
  29 00630249   1  0.03129 693.0388  0.2385                                                                                                                                                                                                                     
  30 00630239   1  0.02396 681.0785  0.1459                                                                                                                                                                                                                     
  31 00630241   1  0.01896 706.8792  0.2000                                                                                                                                                                                                                     
  32 00630243   1  0.03120 678.4759  0.1322                                                                                                                                                                                                                     
  33 00630223   1  0.01729 746.9340  0.2721                                                                                                                                                                                                                     
  34 00630229   1  0.03642 692.7870  0.1478                                                                                                                                                                                                                     
  35 00630231   1  0.02745 714.6989  0.1752                                                                                                                                                                                                                     
  36 00630181   1  0.04717 705.3290  0.1665                                                                                                                                                                                                                     
  37 00630261   1  0.02969 713.4276  0.2042                                                                                                                                                                                                                     
  38 00630233   1  0.02162 712.0363  0.1460                                                                                                                                                                                                                     
  39 00630265   1  0.03299 680.8476  0.0916                                                                                                                                                                                                                     
  40 00630267   1  0.01705 740.3257  0.1835                                                                                                                                                                                                                     
