PAR File TN GSTDZALL Final Content:SS Level:18 Form:G Other:CB (13SEP07)                                                                                                                                                                                        
   1 00628416   1  0.04353 683.4606  0.3042                                                                                                                                                                                                                     
   2 00628418   1  0.02097 682.7772  0.1789                                                                                                                                                                                                                     
   3 00628420   1  0.02922 668.2354  0.2076                                                                                                                                                                                                                     
   4 00628422   1  0.02560 700.4120  0.2335                                                                                                                                                                                                                     
   5 00628424   1  0.03663 702.3670  0.2411                                                                                                                                                                                                                     
   6 00628505   1  0.06013 704.2785  0.2453                                                                                                                                                                                                                     
   7 00628507   1  0.03986 659.7177  0.1515                                                                                                                                                                                                                     
   8 00628509   1  0.01395 723.4484  0.1412                                                                                                                                                                                                                     
   9 00628511   1  0.02293 680.8657  0.1875                                                                                                                                                                                                                     
  10 00628468   1  0.02439 670.6682  0.1282                                                                                                                                                                                                                     
  11 00630007   1  0.02593 686.8578  0.1925                                                                                                                                                                                                                     
  12 00630101   1  0.05222 661.2092  0.2207                                                                                                                                                                                                                     
  13 00628438   1  0.03630 672.0264  0.1639                                                                                                                                                                                                                     
  14 00628517   1  0.02986 668.5164  0.1984                                                                                                                                                                                                                     
  15 00628519   1  0.04439 677.8217  0.1673                                                                                                                                                                                                                     
  16 00628523   1  0.02615 714.8264  0.1813                                                                                                                                                                                                                     
  17 00628450   1  0.01985 681.6042  0.1810                                                                                                                                                                                                                     
  18 00628515   1  0.02846 692.3548  0.1480                                                                                                                                                                                                                     
  19 00628559   1  0.03538 666.0545  0.2305                                                                                                                                                                                                                     
  20 00628551   1  0.02743 653.7370  0.2000                                                                                                                                                                                                                     
  21 00628553   1  0.03324 667.4012  0.2369                                                                                                                                                                                                                     
  22 00626846   1  0.01394 681.3059  0.0974                                                                                                                                                                                                                     
  23 00626848   1  0.02576 656.9866  0.0758                                                                                                                                                                                                                     
  24 00626850   1  0.01602 676.0175  0.1074                                                                                                                                                                                                                     
  25 00628428   1  0.05238 661.6697  0.2483                                                                                                                                                                                                                     
  26 00628434   1  0.01392 719.3184  0.2000                                                                                                                                                                                                                     
  27 00628436   1  0.05040 720.2944  0.2110                                                                                                                                                                                                                     
  28 00628454   1  0.02500 643.5627  0.0851                                                                                                                                                                                                                     
  29 00628456   1  0.03800 673.8743  0.1602                                                                                                                                                                                                                     
  30 00628460   1  0.02436 684.9116  0.1775                                                                                                                                                                                                                     
  31 00626941   1  0.02790 687.5819  0.1244                                                                                                                                                                                                                     
  32 00626943   1  0.02504 672.8258  0.1622                                                                                                                                                                                                                     
  33 00628529   1  0.02186 671.2271  0.1507                                                                                                                                                                                                                     
  34 00626937   1  0.03139 678.8644  0.2127                                                                                                                                                                                                                     
  35 00628527   1  0.04119 667.1522  0.1513                                                                                                                                                                                                                     
  36 00626826   1  0.02440 683.6750  0.1503                                                                                                                                                                                                                     
  37 00630085   1  0.01690 764.1805  0.2606                                                                                                                                                                                                                     
  38 00628525   1  0.01621 698.1907  0.1178                                                                                                                                                                                                                     
  39 00626842   1  0.02912 671.7108  0.1980                                                                                                                                                                                                                     
  40 00628440   1  0.03957 677.6451  0.2673                                                                                                                                                                                                                     
