PAR File TN GSTDZALL Final Content:SS Level:16 Form:G Other:CB (13SEP07)                                                                                                                                                                                        
   1 00625931   1  0.01936 646.6945  0.2275                                                                                                                                                                                                                     
   2 00625933   1  0.01355 683.0784  0.2895                                                                                                                                                                                                                     
   3 00625935   1  0.02749 680.0101  0.2280                                                                                                                                                                                                                     
   4 00625937   1  0.02281 629.7446  0.2000                                                                                                                                                                                                                     
   5 00626041   1  0.02045 613.1799  0.2000                                                                                                                                                                                                                     
   6 00625983   1  0.02283 635.6438  0.1360                                                                                                                                                                                                                     
   7 00626045   1  0.01529 630.0656  0.2000                                                                                                                                                                                                                     
   8 00625945   1  0.03135 693.0474  0.1840                                                                                                                                                                                                                     
   9 00626031   1  0.02856 630.3063  0.2000                                                                                                                                                                                                                     
  10 00626047   1  0.02442 723.1727  0.2589                                                                                                                                                                                                                     
  11 00626049   1  0.02503 622.6257  0.2051                                                                                                                                                                                                                     
  12 00626051   1  0.01988 614.7622  0.2017                                                                                                                                                                                                                     
  13 00626053   1  0.02158 661.0991  0.1794                                                                                                                                                                                                                     
  14 00626059   1  0.02522 632.5626  0.1614                                                                                                                                                                                                                     
  15 00626061   1  0.02681 638.9177  0.2677                                                                                                                                                                                                                     
  16 00626037   1  0.08629 741.1303  0.2477                                                                                                                                                                                                                     
  17 00625963   1  0.01992 614.4155  0.2000                                                                                                                                                                                                                     
  18 00625965   1  0.02838 659.2504  0.1961                                                                                                                                                                                                                     
  19 00625967   1  0.03961 638.1056  0.2473                                                                                                                                                                                                                     
  20 00625971   1  0.03594 654.4841  0.1728                                                                                                                                                                                                                     
  21 00626025   1  0.02060 675.7991  0.1890                                                                                                                                                                                                                     
  22 00626027   1  0.04260 699.9962  0.2819                                                                                                                                                                                                                     
  23 00626029   1  0.01499 678.0009  0.2000                                                                                                                                                                                                                     
  24 00625947   1  0.01820 627.1673  0.2017                                                                                                                                                                                                                     
  25 00625949   1  0.03233 630.1458  0.1170                                                                                                                                                                                                                     
  26 00625951   1  0.03479 645.4042  0.2142                                                                                                                                                                                                                     
  27 00625955   1  0.03299 668.4490  0.2330                                                                                                                                                                                                                     
  28 00626071   1  0.03013 651.5602  0.1495                                                                                                                                                                                                                     
  29 00626073   1  0.01816 667.8713  0.1523                                                                                                                                                                                                                     
  30 00626075   1  0.01902 632.0812  0.2000                                                                                                                                                                                                                     
  31 00626063   1  0.02373 685.2256  0.2661                                                                                                                                                                                                                     
  32 00626069   1  0.04293 654.7570  0.3035                                                                                                                                                                                                                     
  33 00625957   1  0.02366 647.1438  0.2000                                                                                                                                                                                                                     
  34 00626039   1  0.04094 699.6400  0.2306                                                                                                                                                                                                                     
  35 00625973   1  0.02902 648.1837  0.1587                                                                                                                                                                                                                     
  36 00625987   1  0.06149 690.8649  0.2051                                                                                                                                                                                                                     
  37 00625989   1  0.02322 712.4655  0.2133                                                                                                                                                                                                                     
  38 00626019   1  0.02847 621.9003  0.2000                                                                                                                                                                                                                     
  39 00626021   1  0.02666 729.9610  0.2276                                                                                                                                                                                                                     
  40 00626023   1  0.02915 677.3911  0.2397                                                                                                                                                                                                                     
