PAR File TN GSTDZALL Final Content:SS Level:15 Form:G Other:CB (13SEP07)                                                                                                                                                                                        
   1 00620972   1  0.02505 596.8948  0.2000                                                                                                                                                                                                                     
   2 00620976   1  0.02276 670.6727  0.1652                                                                                                                                                                                                                     
   3 00621055   1  0.01922 632.1868  0.2000                                                                                                                                                                                                                     
   4 00621057   1  0.02719 636.8369  0.2000                                                                                                                                                                                                                     
   5 00620984   1  0.04444 638.4221  0.2546                                                                                                                                                                                                                     
   6 00620986   1  0.05852 724.4409  0.1776                                                                                                                                                                                                                     
   7 00620988   1  0.03580 613.4835  0.2000                                                                                                                                                                                                                     
   8 00621045   1  0.04861 606.4685  0.2000                                                                                                                                                                                                                     
   9 00620968   1  0.02168 642.0601  0.1683                                                                                                                                                                                                                     
  10 00621087   1  0.03308 664.4632  0.2509                                                                                                                                                                                                                     
  11 00621089   1  0.03122 652.5270  0.3036                                                                                                                                                                                                                     
  12 00621091   1  0.02890 656.3818  0.2087                                                                                                                                                                                                                     
  13 00621093   1  0.01774 656.8311  0.1734                                                                                                                                                                                                                     
  14 00619523   1  0.01506 663.7015  0.2000                                                                                                                                                                                                                     
  15 00619525   1  0.04304 660.3708  0.2821                                                                                                                                                                                                                     
  16 00619529   1  0.03717 675.3046  0.1924                                                                                                                                                                                                                     
  17 00619531   1  0.04923 652.6846  0.2351                                                                                                                                                                                                                     
  18 00619542   1  0.02650 649.9555  0.1712                                                                                                                                                                                                                     
  19 00621085   1  0.02862 652.2818  0.1191                                                                                                                                                                                                                     
  20 00621010   1  0.05144 642.0626  0.1706                                                                                                                                                                                                                     
  21 00621071   1  0.03013 621.8050  0.2000                                                                                                                                                                                                                     
  22 00621073   1  0.02492 634.1826  0.1597                                                                                                                                                                                                                     
  23 00621075   1  0.02156 662.8986  0.1837                                                                                                                                                                                                                     
  24 00621079   1  0.02570 646.2117  0.1534                                                                                                                                                                                                                     
  25 00621008   1  0.03770 649.9736  0.1709                                                                                                                                                                                                                     
  26 00621059   1  0.03962 621.1259  0.1500                                                                                                                                                                                                                     
  27 00621061   1  0.04783 655.2122  0.2400                                                                                                                                                                                                                     
  28 00621063   1  0.04503 657.4172  0.2363                                                                                                                                                                                                                     
  29 00621065   1  0.02924 643.4258  0.1910                                                                                                                                                                                                                     
  30 00621067   1  0.01765 674.1014  0.2000                                                                                                                                                                                                                     
  31 00621069   1  0.02573 652.3464  0.4271                                                                                                                                                                                                                     
  32 00620998   1  0.02744 665.9401  0.2580                                                                                                                                                                                                                     
  33 00621000   1  0.04392 650.6294  0.2618                                                                                                                                                                                                                     
  34 00621004   1  0.02328 647.2238  0.2000                                                                                                                                                                                                                     
  35 00621006   1  0.05771 637.0021  0.1989                                                                                                                                                                                                                     
  36 00620980   1  0.02425 653.5883  0.2000                                                                                                                                                                                                                     
  37 00620982   1  0.04028 663.2523  0.2754                                                                                                                                                                                                                     
  38 00625136   1  0.01442 634.9727  0.2000                                                                                                                                                                                                                     
  39 00625138   1  0.03523 701.2967  0.3083                                                                                                                                                                                                                     
  40 00625140   1  0.00899 713.1037  0.2000                                                                                                                                                                                                                     
