PAR File TN GSTDZALL Final Content:SS Level:21 Form:G Other:CB (13SEP07)                                                                                                                                                                                        
   1 00120920   1  0.01490 710.4019  0.2272                                                                                                                                                                                                                     
   2 00120916   1  0.02541 707.6411  0.1652                                                                                                                                                                                                                     
   3 00120942   1  0.03410 663.9241  0.2000                                                                                                                                                                                                                     
   4 00120944   1  0.03858 670.5004  0.1373                                                                                                                                                                                                                     
   5 00120988   1  0.03220 679.4542  0.2000                                                                                                                                                                                                                     
   6 00120954   1  0.01673 731.6149  0.2039                                                                                                                                                                                                                     
   7 00120086   1  0.02005 736.7358  0.1742                                                                                                                                                                                                                     
   8 00119759   1  0.04110 714.6900  0.2208                                                                                                                                                                                                                     
   9 00120894   1  0.03353 689.1745  0.2207                                                                                                                                                                                                                     
  10 00120898   1  0.03729 686.3879  0.2162                                                                                                                                                                                                                     
  11 00120896   1  0.03839 744.1882  0.1694                                                                                                                                                                                                                     
  12 00120900   1  0.02804 715.8140  0.2180                                                                                                                                                                                                                     
  13 00120902   1  0.03861 701.9265  0.1899                                                                                                                                                                                                                     
  14 00120906   1  0.03940 686.2322  0.1769                                                                                                                                                                                                                     
  15 00120066   1  0.02956 683.9902  0.1962                                                                                                                                                                                                                     
  16 00120064   1  0.01379 737.7387  0.2000                                                                                                                                                                                                                     
  17 00120114   1  0.04415 704.6757  0.2722                                                                                                                                                                                                                     
  18 00120116   1  0.03128 702.1311  0.1957                                                                                                                                                                                                                     
  19 00120118   1  0.03427 714.4681  0.2150                                                                                                                                                                                                                     
  20 00120108   1  0.04059 688.8892  0.1567                                                                                                                                                                                                                     
  21 00120110   1  0.04483 725.4565  0.2307                                                                                                                                                                                                                     
  22 00120886   1  0.05074 675.8289  0.1576                                                                                                                                                                                                                     
  23 00120888   1  0.03122 731.9866  0.2391                                                                                                                                                                                                                     
  24 00119723   1  0.03630 700.3560  0.1665                                                                                                                                                                                                                     
  25 00119719   1  0.01075 786.1761  0.1813                                                                                                                                                                                                                     
  26 00120930   1  0.04456 691.4771  0.2546                                                                                                                                                                                                                     
  27 00120934   1  0.04580 708.1282  0.2582                                                                                                                                                                                                                     
  28 00120932   1  0.02963 696.7162  0.1944                                                                                                                                                                                                                     
  29 00120956   1  0.03829 689.4108  0.1360                                                                                                                                                                                                                     
  30 00630183   1  0.04986 716.6525  0.3012                                                                                                                                                                                                                     
  31 00120990   1  0.05113 716.7361  0.2257                                                                                                                                                                                                                     
  32 00120992   1  0.04186 715.8485  0.2219                                                                                                                                                                                                                     
  33 00120994   1  0.03099 732.3123  0.2727                                                                                                                                                                                                                     
  34 00120996   1  0.01415 741.3958  0.1688                                                                                                                                                                                                                     
  35 00120890   1  0.02822 719.7390  0.1488                                                                                                                                                                                                                     
  36 00120892   1  0.04847 723.9752  0.2546                                                                                                                                                                                                                     
  37 00120936   1  0.03829 693.2090  0.1993                                                                                                                                                                                                                     
  38 00120938   1  0.04409 748.3034  0.2666                                                                                                                                                                                                                     
  39 00121714   1  0.03163 677.3101  0.0000                                                                                                                                                                                                                     
  40 00120986   1  0.04470 690.7278  0.1380                                                                                                                                                                                                                     
