PAR File TN GSTDZALL Final Content:SS Level:15 Form:G Other:SV (13SEP07)                                                                                                                                                                                        
   1 00620984   1  0.04444 638.4221  0.2546                                                                                                                                                                                                                     
   2 00620988   1  0.03580 613.4835  0.2000                                                                                                                                                                                                                     
   3 00620972   1  0.02505 596.8948  0.2000                                                                                                                                                                                                                     
   4 00620976   1  0.02276 670.6727  0.1652                                                                                                                                                                                                                     
   5 00619523   1  0.01506 663.7015  0.2000                                                                                                                                                                                                                     
   6 00619525   1  0.04304 660.3708  0.2821                                                                                                                                                                                                                     
   7 00621089   1  0.03122 652.5270  0.3036                                                                                                                                                                                                                     
   8 00621091   1  0.02890 656.3818  0.2087                                                                                                                                                                                                                     
   9 00621093   1  0.01774 656.8311  0.1734                                                                                                                                                                                                                     
  10 00621073   1  0.02492 634.1826  0.1597                                                                                                                                                                                                                     
  11 00621075   1  0.02156 662.8986  0.1837                                                                                                                                                                                                                     
  12 00621079   1  0.02570 646.2117  0.1534                                                                                                                                                                                                                     
  13 00625136   1  0.01442 634.9727  0.2000                                                                                                                                                                                                                     
  14 00625138   1  0.03523 701.2967  0.3083                                                                                                                                                                                                                     
  15 00620968   1  0.02168 642.0601  0.1683                                                                                                                                                                                                                     
  16 00621085   1  0.02862 652.2818  0.1191                                                                                                                                                                                                                     
  17 00621010   1  0.05144 642.0626  0.1706                                                                                                                                                                                                                     
  18 00621059   1  0.03962 621.1259  0.1500                                                                                                                                                                                                                     
  19 00621065   1  0.02924 643.4258  0.1910                                                                                                                                                                                                                     
  20 00621067   1  0.01765 674.1014  0.2000                                                                                                                                                                                                                     
  21 00621069   1  0.02573 652.3464  0.4271                                                                                                                                                                                                                     
  22 00620998   1  0.02744 665.9401  0.2580                                                                                                                                                                                                                     
  23 00621000   1  0.04392 650.6294  0.2618                                                                                                                                                                                                                     
  24 00621004   1  0.02328 647.2238  0.2000                                                                                                                                                                                                                     
  25 00621006   1  0.05771 637.0021  0.1989                                                                                                                                                                                                                     
