PAR File TN GSTDZALL Final Content:SS Level:20 Form:G Other:MA (13SEP07)                                                                                                                                                                                        
   1 00630251   1  0.02202 675.7744  0.1641                                                                                                                                                                                                                     
   2 00630253   1  0.03770 686.7873  0.2105                                                                                                                                                                                                                     
   3 00630255   1  0.03415 698.3249  0.2688                                                                                                                                                                                                                     
   4 00630257   1  0.03207 676.1582  0.2205                                                                                                                                                                                                                     
   5 00630173   1  0.03710 655.5746  0.1193                                                                                                                                                                                                                     
   6 00630177   1  0.01833 663.4393  0.1563                                                                                                                                                                                                                     
   7 00630139   1  0.03817 662.5427  0.0952                                                                                                                                                                                                                     
   8 00630137   1  0.01861 689.6447  0.1505                                                                                                                                                                                                                     
   9 00630127   1  0.04159 693.2548  0.1772                                                                                                                                                                                                                     
  10 00630129   1  0.02592 674.6320  0.1833                                                                                                                                                                                                                     
  11 00630131   1  0.03727 667.3161  0.2148                                                                                                                                                                                                                     
  12 00630133   1  0.03398 699.1704  0.2112                                                                                                                                                                                                                     
  13 00630161   1  0.03169 676.1013  0.0970                                                                                                                                                                                                                     
  14 00630165   1  0.04664 687.7828  0.2289                                                                                                                                                                                                                     
  15 00630265   1  0.03299 680.8476  0.0916                                                                                                                                                                                                                     
  16 00630223   1  0.01729 746.9340  0.2721                                                                                                                                                                                                                     
  17 00630229   1  0.03642 692.7870  0.1478                                                                                                                                                                                                                     
  18 00630231   1  0.02745 714.6989  0.1752                                                                                                                                                                                                                     
  19 00630219   1  0.02852 709.4937  0.2308                                                                                                                                                                                                                     
  20 00630215   1  0.03063 719.4662  0.2053                                                                                                                                                                                                                     
  21 00630217   1  0.03484 684.4036  0.0990                                                                                                                                                                                                                     
  22 00630249   1  0.03129 693.0388  0.2385                                                                                                                                                                                                                     
  23 00630181   1  0.04717 705.3290  0.1665                                                                                                                                                                                                                     
  24 00630233   1  0.02162 712.0363  0.1460                                                                                                                                                                                                                     
  25 00630235   1  0.04160 685.7979  0.2133                                                                                                                                                                                                                     
  26 00630191   2  0.04124  28.4909                                                                                                                                                                                                                             
  27 00630193   2  0.02318  15.5263                                                                                                                                                                                                                             
  28 00630277   2  0.04003  26.5968                                                                                                                                                                                                                             
  29 00630269   3  0.02146  14.8604 16.1754                                                                                                                                                                                                                     
  30 00630273   3  0.02497  16.6135 19.1289                                                                                                                                                                                                                     
  31 00630275   3  0.02447  17.1838 17.5637                                                                                                                                                                                                                     
  32 00630199   3  0.03663  24.2120 26.5004                                                                                                                                                                                                                     
  33 00630201   3  0.03521  25.6867 26.2113                                                                                                                                                                                                                     
  34 00630203   2  0.04513  31.6113                                                                                                                                                                                                                             
  35 00630205   2  0.02936  21.4981                                                                                                                                                                                                                             
  36 00630281   2  0.04166  29.8433                                                                                                                                                                                                                             
