PAR File TN GSTDZALL Final Content:SS Level:16 Form:G Other:SV (13SEP07)                                                                                                                                                                                        
   1 00625931   1  0.01936 646.6945  0.2275                                                                                                                                                                                                                     
   2 00625935   1  0.02749 680.0101  0.2280                                                                                                                                                                                                                     
   3 00625937   1  0.02281 629.7446  0.2000                                                                                                                                                                                                                     
   4 00625983   1  0.02283 635.6438  0.1360                                                                                                                                                                                                                     
   5 00626045   1  0.01529 630.0656  0.2000                                                                                                                                                                                                                     
   6 00626041   1  0.02045 613.1799  0.2000                                                                                                                                                                                                                     
   7 00626047   1  0.02442 723.1727  0.2589                                                                                                                                                                                                                     
   8 00626049   1  0.02503 622.6257  0.2051                                                                                                                                                                                                                     
   9 00626051   1  0.01988 614.7622  0.2017                                                                                                                                                                                                                     
  10 00626053   1  0.02158 661.0991  0.1794                                                                                                                                                                                                                     
  11 00626059   1  0.02522 632.5626  0.1614                                                                                                                                                                                                                     
  12 00626061   1  0.02681 638.9177  0.2677                                                                                                                                                                                                                     
  13 00625957   1  0.02366 647.1438  0.2000                                                                                                                                                                                                                     
  14 00625963   1  0.01992 614.4155  0.2000                                                                                                                                                                                                                     
  15 00625965   1  0.02838 659.2504  0.1961                                                                                                                                                                                                                     
  16 00625967   1  0.03961 638.1056  0.2473                                                                                                                                                                                                                     
  17 00625971   1  0.03594 654.4841  0.1728                                                                                                                                                                                                                     
  18 00626025   1  0.02060 675.7991  0.1890                                                                                                                                                                                                                     
  19 00626027   1  0.04260 699.9962  0.2819                                                                                                                                                                                                                     
  20 00626073   1  0.01816 667.8713  0.1523                                                                                                                                                                                                                     
  21 00626075   1  0.01902 632.0812  0.2000                                                                                                                                                                                                                     
  22 00625947   1  0.01820 627.1673  0.2017                                                                                                                                                                                                                     
  23 00625949   1  0.03233 630.1458  0.1170                                                                                                                                                                                                                     
  24 00625951   1  0.03479 645.4042  0.2142                                                                                                                                                                                                                     
  25 00625955   1  0.03299 668.4490  0.2330                                                                                                                                                                                                                     
