PAR File TN GSTDZALL Final Content:SS Level:19 Form:G Other:CB (13SEP07)                                                                                                                                                                                        
   1 00630009   1  0.02436 638.1943  0.2000                                                                                                                                                                                                                     
   2 00630011   1  0.03818 696.6151  0.2597                                                                                                                                                                                                                     
   3 00630015   1  0.02338 708.3884  0.2013                                                                                                                                                                                                                     
   4 00629965   1  0.01911 686.6686  0.2068                                                                                                                                                                                                                     
   5 00629967   1  0.03236 714.5909  0.1848                                                                                                                                                                                                                     
   6 00629979   1  0.04744 680.4326  0.2158                                                                                                                                                                                                                     
   7 00629983   1  0.04219 690.6904  0.2448                                                                                                                                                                                                                     
   8 00630057   1  0.05540 671.7015  0.1896                                                                                                                                                                                                                     
   9 00630059   1  0.04168 659.2742  0.1453                                                                                                                                                                                                                     
  10 00630061   1  0.03711 718.5228  0.2746                                                                                                                                                                                                                     
  11 00630073   1  0.03622 689.7643  0.2122                                                                                                                                                                                                                     
  12 00630079   1  0.01474 695.4672  0.2105                                                                                                                                                                                                                     
  13 00630077   1  0.01438 700.7771  0.2000                                                                                                                                                                                                                     
  14 00630081   1  0.03623 730.5740  0.2435                                                                                                                                                                                                                     
  15 00630017   1  0.02370 721.9805  0.2916                                                                                                                                                                                                                     
  16 00628539   1  0.03220 681.2886  0.1932                                                                                                                                                                                                                     
  17 00628541   1  0.05465 677.2697  0.2550                                                                                                                                                                                                                     
  18 00630019   1  0.03698 678.5887  0.1938                                                                                                                                                                                                                     
  19 00629971   1  0.04354 718.7529  0.1792                                                                                                                                                                                                                     
  20 00630001   1  0.03710 708.5428  0.2280                                                                                                                                                                                                                     
  21 00630003   1  0.04172 700.1147  0.2152                                                                                                                                                                                                                     
  22 00629973   1  0.05572 647.6074  0.1875                                                                                                                                                                                                                     
  23 00629991   1  0.02637 695.5654  0.1852                                                                                                                                                                                                                     
  24 00630087   1  0.03092 690.9431  0.2079                                                                                                                                                                                                                     
  25 00630071   1  0.01494 734.7783  0.1837                                                                                                                                                                                                                     
  26 00628533   1  0.02194 687.9092  0.1661                                                                                                                                                                                                                     
  27 00628537   1  0.03402 676.2200  0.2223                                                                                                                                                                                                                     
  28 00630245   1  0.02731 683.9997  0.1741                                                                                                                                                                                                                     
  29 00629987   1  0.05307 739.8552  0.2867                                                                                                                                                                                                                     
  30 00629985   1  0.02625 682.8322  0.1473                                                                                                                                                                                                                     
  31 00630097   1  0.02861 675.7429  0.1935                                                                                                                                                                                                                     
  32 00630099   1  0.03921 692.3631  0.1661                                                                                                                                                                                                                     
  33 00629999   1  0.04544 700.7070  0.2427                                                                                                                                                                                                                     
  34 00629977   1  0.04127 673.3433  0.2384                                                                                                                                                                                                                     
  35 00630103   1  0.02652 734.2758  0.1903                                                                                                                                                                                                                     
  36 00630089   1  0.03250 703.8783  0.2475                                                                                                                                                                                                                     
  37 00630091   1  0.02966 696.5814  0.2468                                                                                                                                                                                                                     
  38 00628426   1  0.04269 672.3358  0.2234                                                                                                                                                                                                                     
  39 00628462   1  0.04041 674.0365  0.2321                                                                                                                                                                                                                     
  40 00628464   1  0.03598 684.9371  0.2217                                                                                                                                                                                                                     
