PAR File TN GSTDZALL Final Content:SS Level:14 Form:G Other:CB (13SEP07)                                                                                                                                                                                        
   1 00625027   1  0.02638 586.8132  0.2000                                                                                                                                                                                                                     
   2 00625029   1  0.03266 619.7538  0.2665                                                                                                                                                                                                                     
   3 00625033   1  0.02230 611.2596  0.2000                                                                                                                                                                                                                     
   4 00625035   1  0.02075 623.4856  0.2000                                                                                                                                                                                                                     
   5 00625049   1  0.03017 668.9529  0.1716                                                                                                                                                                                                                     
   6 00625053   1  0.02407 657.9819  0.1269                                                                                                                                                                                                                     
   7 00625116   1  0.02720 625.3474  0.2000                                                                                                                                                                                                                     
   8 00625120   1  0.03095 604.5316  0.1338                                                                                                                                                                                                                     
   9 00625122   1  0.02683 607.2682  0.1367                                                                                                                                                                                                                     
  10 00625156   1  0.06003 589.5334  0.1588                                                                                                                                                                                                                     
  11 00625158   1  0.03472 614.4884  0.2000                                                                                                                                                                                                                     
  12 00625071   1  0.02588 639.0442  0.1880                                                                                                                                                                                                                     
  13 00625073   1  0.03622 620.1558  0.2281                                                                                                                                                                                                                     
  14 00625075   1  0.03222 644.7033  0.2391                                                                                                                                                                                                                     
  15 00625077   1  0.02548 643.2243  0.1458                                                                                                                                                                                                                     
  16 00625063   1  0.01968 623.0345  0.2000                                                                                                                                                                                                                     
  17 00625065   1  0.03967 639.7495  0.1618                                                                                                                                                                                                                     
  18 00625124   1  0.03567 612.2657  0.2000                                                                                                                                                                                                                     
  19 00625067   1  0.03274 618.1982  0.1829                                                                                                                                                                                                                     
  20 00625079   1  0.03904 640.4685  0.1672                                                                                                                                                                                                                     
  21 00625081   1  0.02887 623.0018  0.1299                                                                                                                                                                                                                     
  22 00625083   1  0.02062 689.6895  0.2855                                                                                                                                                                                                                     
  23 00625041   1  0.04135 640.0858  0.2772                                                                                                                                                                                                                     
  24 00625043   1  0.03906 637.9561  0.3220                                                                                                                                                                                                                     
  25 00625045   1  0.02643 633.6803  0.2000                                                                                                                                                                                                                     
  26 00625152   1  0.03661 615.5163  0.1147                                                                                                                                                                                                                     
  27 00625154   1  0.02144 644.2714  0.1671                                                                                                                                                                                                                     
  28 00625144   1  0.03959 664.5049  0.2981                                                                                                                                                                                                                     
  29 00625146   1  0.03593 647.5220  0.1944                                                                                                                                                                                                                     
  30 00625148   1  0.03566 678.5844  0.2426                                                                                                                                                                                                                     
  31 00625166   1  0.02245 612.0689  0.1671                                                                                                                                                                                                                     
  32 00625168   1  0.02742 648.9354  0.1490                                                                                                                                                                                                                     
  33 00625172   1  0.02507 655.2452  0.1759                                                                                                                                                                                                                     
  34 00625174   1  0.02263 632.8273  0.1671                                                                                                                                                                                                                     
  35 00625055   1  0.04228 668.9502  0.2388                                                                                                                                                                                                                     
  36 00625059   1  0.02295 659.7725  0.2220                                                                                                                                                                                                                     
  37 00625061   1  0.01213 675.6127  0.2000                                                                                                                                                                                                                     
  38 00625160   1  0.01876 627.9172  0.1428                                                                                                                                                                                                                     
  39 00625162   1  0.01639 647.4919  0.1433                                                                                                                                                                                                                     
  40 00625164   1  0.05038 674.6722  0.3029                                                                                                                                                                                                                     
