PAR File TN GSTDZALL Final Content:SS Level:17 Form:G Other:MA (13SEP07)                                                                                                                                                                                        
   1 00626794   1  0.03367 673.7758  0.1714                                                                                                                                                                                                                     
   2 00626796   1  0.01928 648.1677  0.1590                                                                                                                                                                                                                     
   3 00626800   1  0.02514 687.1078  0.2335                                                                                                                                                                                                                     
   4 00625975   1  0.04051 612.0792  0.2000                                                                                                                                                                                                                     
   5 00625977   1  0.04060 691.0564  0.2482                                                                                                                                                                                                                     
   6 00625981   1  0.01954 645.8351  0.2000                                                                                                                                                                                                                     
   7 00626810   1  0.01872 669.4822  0.1389                                                                                                                                                                                                                     
   8 00626812   1  0.02374 683.4099  0.2003                                                                                                                                                                                                                     
   9 00626814   1  0.02410 692.7136  0.2587                                                                                                                                                                                                                     
  10 00625939   1  0.03296 624.6208  0.2000                                                                                                                                                                                                                     
  11 00625941   1  0.02239 634.7001  0.2000                                                                                                                                                                                                                     
  12 00626893   1  0.02657 656.8964  0.1122                                                                                                                                                                                                                     
  13 00626897   1  0.02242 699.8116  0.2035                                                                                                                                                                                                                     
  14 00626899   1  0.04966 669.0606  0.1859                                                                                                                                                                                                                     
  15 00626043   1  0.01646 684.4833  0.1526                                                                                                                                                                                                                     
  16 00626840   1  0.02103 695.8807  0.1927                                                                                                                                                                                                                     
  17 00626917   1  0.01884 648.8430  0.1777                                                                                                                                                                                                                     
  18 00626919   1  0.02711 693.0557  0.2189                                                                                                                                                                                                                     
  19 00626923   1  0.02319 681.5285  0.2340                                                                                                                                                                                                                     
  20 00626951   1  0.04204 687.6681  0.2402                                                                                                                                                                                                                     
  21 00626852   1  0.02434 667.1969  0.1273                                                                                                                                                                                                                     
  22 00626820   1  0.02808 677.9368  0.1803                                                                                                                                                                                                                     
  23 00626822   1  0.02614 672.7113  0.1751                                                                                                                                                                                                                     
  24 00626945   1  0.05962 670.1045  0.2502                                                                                                                                                                                                                     
  25 00626947   1  0.03294 663.9767  0.2003                                                                                                                                                                                                                     
  26 00626954   3  0.02683  17.3301 17.3528                                                                                                                                                                                                                     
  27 00626870   3  0.03293  21.1983 20.4976                                                                                                                                                                                                                     
  28 00626966   2  0.05359  37.1871                                                                                                                                                                                                                             
  29 00626880   3  0.03045  21.4674 21.7474                                                                                                                                                                                                                     
  30 00626956   3  0.04909  34.5817 35.1112                                                                                                                                                                                                                     
  31 00626970   3  0.04235  28.4945 29.1884                                                                                                                                                                                                                     
  32 00626884   3  0.03519  23.8713 24.8530                                                                                                                                                                                                                     
  33 00626087   3  0.01361   9.1886  9.8977                                                                                                                                                                                                                     
  34 00626012   2  0.04403  33.8033                                                                                                                                                                                                                             
  35 00626888   3  0.03301  22.2005 23.5528                                                                                                                                                                                                                     
