PAR File TN GSTDZALL Final Content:SS Level:11 Form:G Other:MA (13SEP07)                                                                                                                                                                                        
   1 00622249   1  0.03817 499.6560  0.2833                                                                                                                                                                                                                     
   2 00622298   1  0.02651 516.3370  0.2833                                                                                                                                                                                                                     
   3 00622251   1  0.03402 526.1669  0.2833                                                                                                                                                                                                                     
   4 00622302   1  0.03212 499.1714  0.2833                                                                                                                                                                                                                     
   5 00622300   1  0.01865 531.9921  0.2833                                                                                                                                                                                                                     
   6 00622255   1  0.03467 556.0997  0.1899                                                                                                                                                                                                                     
   7 00622306   1  0.01893 484.6945  0.2833                                                                                                                                                                                                                     
   8 00622310   1  0.03056 527.2862  0.2833                                                                                                                                                                                                                     
   9 00622263   1  0.01629 559.5264  0.2833                                                                                                                                                                                                                     
  10 00622308   1  0.01823 563.4501  0.2833                                                                                                                                                                                                                     
  11 00622267   1  0.02668 483.3735  0.2833                                                                                                                                                                                                                     
  12 00622265   1  0.02526 503.5206  0.2833                                                                                                                                                                                                                     
  13 00622269   1  0.02756 615.2543  0.0975                                                                                                                                                                                                                     
  14 00622314   1  0.03052 553.7136  0.2088                                                                                                                                                                                                                     
  15 00622316   1  0.05699 548.4714  0.1861                                                                                                                                                                                                                     
  16 00622320   1  0.03989 551.8760  0.2545                                                                                                                                                                                                                     
  17 00622312   1  0.02564 595.0187  0.1551                                                                                                                                                                                                                     
  18 00622271   1  0.02985 524.4401  0.2833                                                                                                                                                                                                                     
  19 00622275   1  0.07089 572.3797  0.3547                                                                                                                                                                                                                     
  20 00622277   1  0.06089 577.2750  0.3640                                                                                                                                                                                                                     
  21 00622332   2  0.07596  40.7255                                                                                                                                                                                                                             
  22 00622330   4  0.02719  13.7366 13.6409 15.2342                                                                                                                                                                                                             
  23 00622286   3  0.04247  23.0504 22.7665                                                                                                                                                                                                                     
  24 00622290   3  0.02066   9.4868 10.1867                                                                                                                                                                                                                     
  25 00622288   4  0.01820   8.8314  9.9121 10.9768                                                                                                                                                                                                             
  26 00622284   3  0.02077  10.3614 12.2798                                                                                                                                                                                                                     
  27 00622334   3  0.03767  20.0879 20.7564                                                                                                                                                                                                                     
  28 00622338   3  0.04572  24.4108 23.4595                                                                                                                                                                                                                     
