PAR File TN GSTDZALL Final Content:SS Level:13 Form:G Other:CB (13SEP07)                                                                                                                                                                                        
   1 00623967   1  0.02726 589.0240  0.2000                                                                                                                                                                                                                     
   2 00623899   1  0.03330 581.9009  0.1412                                                                                                                                                                                                                     
   3 00623971   1  0.01522 614.4647  0.2000                                                                                                                                                                                                                     
   4 00623973   1  0.01933 606.0040  0.1412                                                                                                                                                                                                                     
   5 00623975   1  0.01752 617.8082  0.2000                                                                                                                                                                                                                     
   6 00623911   1  0.03368 570.3054  0.2000                                                                                                                                                                                                                     
   7 00623913   1  0.02747 633.7504  0.0847                                                                                                                                                                                                                     
   8 00623915   1  0.03184 611.8085  0.0951                                                                                                                                                                                                                     
   9 00623917   1  0.02351 589.2327  0.1346                                                                                                                                                                                                                     
  10 00623919   1  0.02466 602.3475  0.2000                                                                                                                                                                                                                     
  11 00623925   1  0.02375 619.0734  0.1331                                                                                                                                                                                                                     
  12 00623897   1  0.02126 626.5791  0.0843                                                                                                                                                                                                                     
  13 00623969   1  0.03409 603.5004  0.2530                                                                                                                                                                                                                     
  14 00623979   1  0.03440 598.3914  0.2409                                                                                                                                                                                                                     
  15 00623981   1  0.03071 584.7336  0.1412                                                                                                                                                                                                                     
  16 00623983   1  0.03336 604.5569  0.1556                                                                                                                                                                                                                     
  17 00623985   1  0.02746 602.7354  0.2000                                                                                                                                                                                                                     
  18 00623987   1  0.02968 619.3596  0.1787                                                                                                                                                                                                                     
  19 00623989   1  0.03721 585.5039  0.2000                                                                                                                                                                                                                     
  20 00623991   1  0.02196 599.0521  0.1412                                                                                                                                                                                                                     
  21 00623937   1  0.03328 592.8892  0.1972                                                                                                                                                                                                                     
  22 00623939   1  0.01994 602.8638  0.1412                                                                                                                                                                                                                     
  23 00623943   1  0.03305 591.1907  0.0920                                                                                                                                                                                                                     
  24 00624009   1  0.03035 615.1280  0.1175                                                                                                                                                                                                                     
  25 00624011   1  0.03759 636.3076  0.2234                                                                                                                                                                                                                     
  26 00624013   1  0.02205 616.3477  0.2000                                                                                                                                                                                                                     
  27 00623999   1  0.03301 593.3787  0.2000                                                                                                                                                                                                                     
  28 00624003   1  0.01550 602.1951  0.2000                                                                                                                                                                                                                     
  29 00624007   1  0.02484 614.5877  0.1696                                                                                                                                                                                                                     
  30 00624001   1  0.02700 598.7739  0.1412                                                                                                                                                                                                                     
  31 00623945   1  0.01329 602.6230  0.2000                                                                                                                                                                                                                     
  32 00623949   1  0.02786 623.3746  0.1515                                                                                                                                                                                                                     
  33 00624015   1  0.04359 627.9567  0.2102                                                                                                                                                                                                                     
  34 00624017   1  0.02243 631.6346  0.1178                                                                                                                                                                                                                     
  35 00624019   1  0.03596 656.1684  0.3177                                                                                                                                                                                                                     
