PAR File TN GSTDZALL Final Content:SS Level:17 Form:G Other:CB (13SEP07)                                                                                                                                                                                        
   1 00626794   1  0.03367 673.7758  0.1714                                                                                                                                                                                                                     
   2 00626796   1  0.01928 648.1677  0.1590                                                                                                                                                                                                                     
   3 00626800   1  0.02514 687.1078  0.2335                                                                                                                                                                                                                     
   4 00626802   1  0.02851 696.5325  0.2055                                                                                                                                                                                                                     
   5 00625975   1  0.04051 612.0792  0.2000                                                                                                                                                                                                                     
   6 00625977   1  0.04060 691.0564  0.2482                                                                                                                                                                                                                     
   7 00625981   1  0.01954 645.8351  0.2000                                                                                                                                                                                                                     
   8 00626808   1  0.01527 621.6041  0.2000                                                                                                                                                                                                                     
   9 00626810   1  0.01872 669.4822  0.1389                                                                                                                                                                                                                     
  10 00626812   1  0.02374 683.4099  0.2003                                                                                                                                                                                                                     
  11 00626814   1  0.02410 692.7136  0.2587                                                                                                                                                                                                                     
  12 00626818   1  0.06513 714.8893  0.1911                                                                                                                                                                                                                     
  13 00625939   1  0.03296 624.6208  0.2000                                                                                                                                                                                                                     
  14 00625941   1  0.02239 634.7001  0.2000                                                                                                                                                                                                                     
  15 00626893   1  0.02657 656.8964  0.1122                                                                                                                                                                                                                     
  16 00626895   1  0.03534 684.6631  0.2305                                                                                                                                                                                                                     
  17 00626897   1  0.02242 699.8116  0.2035                                                                                                                                                                                                                     
  18 00626899   1  0.04966 669.0606  0.1859                                                                                                                                                                                                                     
  19 00626901   1  0.05002 697.2992  0.2714                                                                                                                                                                                                                     
  20 00626840   1  0.02103 695.8807  0.1927                                                                                                                                                                                                                     
  21 00626951   1  0.04204 687.6681  0.2402                                                                                                                                                                                                                     
  22 00626852   1  0.02434 667.1969  0.1273                                                                                                                                                                                                                     
  23 00626917   1  0.01884 648.8430  0.1777                                                                                                                                                                                                                     
  24 00626919   1  0.02711 693.0557  0.2189                                                                                                                                                                                                                     
  25 00626923   1  0.02319 681.5285  0.2340                                                                                                                                                                                                                     
  26 00626925   1  0.04240 657.8253  0.2217                                                                                                                                                                                                                     
  27 00626927   1  0.03441 690.5109  0.2543                                                                                                                                                                                                                     
  28 00626043   1  0.01646 684.4833  0.1526                                                                                                                                                                                                                     
  29 00626911   1  0.02194 650.1994  0.2000                                                                                                                                                                                                                     
  30 00626913   1  0.02749 665.5839  0.1994                                                                                                                                                                                                                     
  31 00626903   1  0.02579 682.7375  0.1176                                                                                                                                                                                                                     
  32 00626905   1  0.03757 678.1461  0.1512                                                                                                                                                                                                                     
  33 00626909   1  0.04826 719.1829  0.2767                                                                                                                                                                                                                     
  34 00626820   1  0.02808 677.9368  0.1803                                                                                                                                                                                                                     
  35 00626822   1  0.02614 672.7113  0.1751                                                                                                                                                                                                                     
  36 00626945   1  0.05962 670.1045  0.2502                                                                                                                                                                                                                     
  37 00626947   1  0.03294 663.9767  0.2003                                                                                                                                                                                                                     
  38 00626830   1  0.01893 693.1943  0.1628                                                                                                                                                                                                                     
  39 00626929   1  0.03354 703.4359  0.3283                                                                                                                                                                                                                     
  40 00626931   1  0.03173 715.9037  0.2221                                                                                                                                                                                                                     
