NCR SEM TN GSTDZALL Final Content:LA Level:13 Form:G Other:CB (18SEP07)                                                                                                                                                                                         
   0    108                                                                                                                                                                                                                                                     
   1    108                                                                                                                                                                                                                                                     
   2    108                                                                                                                                                                                                                                                     
   3    108                                                                                                                                                                                                                                                     
   4    108                                                                                                                                                                                                                                                     
   5    108                                                                                                                                                                                                                                                     
   6     80                                                                                                                                                                                                                                                     
   7     48                                                                                                                                                                                                                                                     
   8     32                                                                                                                                                                                                                                                     
   9     25                                                                                                                                                                                                                                                     
  10     21                                                                                                                                                                                                                                                     
  11     19                                                                                                                                                                                                                                                     
  12     17                                                                                                                                                                                                                                                     
  13     16                                                                                                                                                                                                                                                     
  14     15                                                                                                                                                                                                                                                     
  15     14                                                                                                                                                                                                                                                     
  16     14                                                                                                                                                                                                                                                     
  17     14                                                                                                                                                                                                                                                     
  18     14                                                                                                                                                                                                                                                     
  19     14                                                                                                                                                                                                                                                     
  20     15                                                                                                                                                                                                                                                     
  21     15                                                                                                                                                                                                                                                     
  22     16                                                                                                                                                                                                                                                     
  23     17                                                                                                                                                                                                                                                     
  24     19                                                                                                                                                                                                                                                     
  25     21                                                                                                                                                                                                                                                     
  26     26                                                                                                                                                                                                                                                     
  27     37                                                                                                                                                                                                                                                     
  28     50                                                                                                                                                                                                                                                     
