NCR SEM TN GSTDZALL Final Content:LA Level:19 Form:G Other:CB (18SEP07)                                                                                                                                                                                         
   0    109                                                                                                                                                                                                                                                     
   1    109                                                                                                                                                                                                                                                     
   2    109                                                                                                                                                                                                                                                     
   3    109                                                                                                                                                                                                                                                     
   4    109                                                                                                                                                                                                                                                     
   5    109                                                                                                                                                                                                                                                     
   6    109                                                                                                                                                                                                                                                     
   7     77                                                                                                                                                                                                                                                     
   8     45                                                                                                                                                                                                                                                     
   9     30                                                                                                                                                                                                                                                     
  10     23                                                                                                                                                                                                                                                     
  11     19                                                                                                                                                                                                                                                     
  12     17                                                                                                                                                                                                                                                     
  13     15                                                                                                                                                                                                                                                     
  14     14                                                                                                                                                                                                                                                     
  15     13                                                                                                                                                                                                                                                     
  16     13                                                                                                                                                                                                                                                     
  17     12                                                                                                                                                                                                                                                     
  18     12                                                                                                                                                                                                                                                     
  19     12                                                                                                                                                                                                                                                     
  20     11                                                                                                                                                                                                                                                     
  21     11                                                                                                                                                                                                                                                     
  22     12                                                                                                                                                                                                                                                     
  23     12                                                                                                                                                                                                                                                     
  24     12                                                                                                                                                                                                                                                     
  25     13                                                                                                                                                                                                                                                     
  26     13                                                                                                                                                                                                                                                     
  27     14                                                                                                                                                                                                                                                     
  28     14                                                                                                                                                                                                                                                     
  29     15                                                                                                                                                                                                                                                     
  30     15                                                                                                                                                                                                                                                     
  31     17                                                                                                                                                                                                                                                     
  32     21                                                                                                                                                                                                                                                     
  33     30                                                                                                                                                                                                                                                     
  34     80                                                                                                                                                                                                                                                     
