NCR SEM TN GSTDZALL Final Content:LA Level:17 Form:G Other:CB (18SEP07)                                                                                                                                                                                         
   0    127                                                                                                                                                                                                                                                     
   1    127                                                                                                                                                                                                                                                     
   2    127                                                                                                                                                                                                                                                     
   3    127                                                                                                                                                                                                                                                     
   4    127                                                                                                                                                                                                                                                     
   5    127                                                                                                                                                                                                                                                     
   6    127                                                                                                                                                                                                                                                     
   7    105                                                                                                                                                                                                                                                     
   8     53                                                                                                                                                                                                                                                     
   9     35                                                                                                                                                                                                                                                     
  10     26                                                                                                                                                                                                                                                     
  11     22                                                                                                                                                                                                                                                     
  12     19                                                                                                                                                                                                                                                     
  13     17                                                                                                                                                                                                                                                     
  14     15                                                                                                                                                                                                                                                     
  15     14                                                                                                                                                                                                                                                     
  16     13                                                                                                                                                                                                                                                     
  17     12                                                                                                                                                                                                                                                     
  18     12                                                                                                                                                                                                                                                     
  19     11                                                                                                                                                                                                                                                     
  20     11                                                                                                                                                                                                                                                     
  21     11                                                                                                                                                                                                                                                     
  22     11                                                                                                                                                                                                                                                     
  23     11                                                                                                                                                                                                                                                     
  24     11                                                                                                                                                                                                                                                     
  25     11                                                                                                                                                                                                                                                     
  26     11                                                                                                                                                                                                                                                     
  27     12                                                                                                                                                                                                                                                     
  28     13                                                                                                                                                                                                                                                     
  29     14                                                                                                                                                                                                                                                     
  30     16                                                                                                                                                                                                                                                     
  31     19                                                                                                                                                                                                                                                     
  32     25                                                                                                                                                                                                                                                     
  33     38                                                                                                                                                                                                                                                     
  34     70                                                                                                                                                                                                                                                     
