NCR SEM TN GSTDZALL Final Content:LA Level:16 Form:G Other:CB (18SEP07)                                                                                                                                                                                         
   0    130                                                                                                                                                                                                                                                     
   1    130                                                                                                                                                                                                                                                     
   2    130                                                                                                                                                                                                                                                     
   3    130                                                                                                                                                                                                                                                     
   4    130                                                                                                                                                                                                                                                     
   5    130                                                                                                                                                                                                                                                     
   6    130                                                                                                                                                                                                                                                     
   7    130                                                                                                                                                                                                                                                     
   8     65                                                                                                                                                                                                                                                     
   9     42                                                                                                                                                                                                                                                     
  10     29                                                                                                                                                                                                                                                     
  11     22                                                                                                                                                                                                                                                     
  12     18                                                                                                                                                                                                                                                     
  13     16                                                                                                                                                                                                                                                     
  14     14                                                                                                                                                                                                                                                     
  15     13                                                                                                                                                                                                                                                     
  16     12                                                                                                                                                                                                                                                     
  17     11                                                                                                                                                                                                                                                     
  18     11                                                                                                                                                                                                                                                     
  19     11                                                                                                                                                                                                                                                     
  20     11                                                                                                                                                                                                                                                     
  21     11                                                                                                                                                                                                                                                     
  22     11                                                                                                                                                                                                                                                     
  23     10                                                                                                                                                                                                                                                     
  24     10                                                                                                                                                                                                                                                     
  25     11                                                                                                                                                                                                                                                     
  26     11                                                                                                                                                                                                                                                     
  27     11                                                                                                                                                                                                                                                     
  28     11                                                                                                                                                                                                                                                     
  29     12                                                                                                                                                                                                                                                     
  30     13                                                                                                                                                                                                                                                     
  31     14                                                                                                                                                                                                                                                     
  32     17                                                                                                                                                                                                                                                     
  33     25                                                                                                                                                                                                                                                     
  34     95                                                                                                                                                                                                                                                     
