NCR SEM TN GSTDZALL Final Content:LA Level:17 Form:G Other:MA (18SEP07)                                                                                                                                                                                         
   0    117                                                                                                                                                                                                                                                     
   1    117                                                                                                                                                                                                                                                     
   2    117                                                                                                                                                                                                                                                     
   3    117                                                                                                                                                                                                                                                     
   4    117                                                                                                                                                                                                                                                     
   5    117                                                                                                                                                                                                                                                     
   6     77                                                                                                                                                                                                                                                     
   7     46                                                                                                                                                                                                                                                     
   8     31                                                                                                                                                                                                                                                     
   9     24                                                                                                                                                                                                                                                     
  10     20                                                                                                                                                                                                                                                     
  11     18                                                                                                                                                                                                                                                     
  12     16                                                                                                                                                                                                                                                     
  13     15                                                                                                                                                                                                                                                     
  14     14                                                                                                                                                                                                                                                     
  15     14                                                                                                                                                                                                                                                     
  16     13                                                                                                                                                                                                                                                     
  17     12                                                                                                                                                                                                                                                     
  18     12                                                                                                                                                                                                                                                     
  19     12                                                                                                                                                                                                                                                     
  20     12                                                                                                                                                                                                                                                     
  21     11                                                                                                                                                                                                                                                     
  22     11                                                                                                                                                                                                                                                     
  23     11                                                                                                                                                                                                                                                     
  24     11                                                                                                                                                                                                                                                     
  25     12                                                                                                                                                                                                                                                     
  26     12                                                                                                                                                                                                                                                     
  27     12                                                                                                                                                                                                                                                     
  28     13                                                                                                                                                                                                                                                     
  29     13                                                                                                                                                                                                                                                     
  30     14                                                                                                                                                                                                                                                     
  31     15                                                                                                                                                                                                                                                     
  32     16                                                                                                                                                                                                                                                     
  33     18                                                                                                                                                                                                                                                     
  34     20                                                                                                                                                                                                                                                     
  35     22                                                                                                                                                                                                                                                     
  36     25                                                                                                                                                                                                                                                     
  37     30                                                                                                                                                                                                                                                     
  38     42                                                                                                                                                                                                                                                     
  39     46                                                                                                                                                                                                                                                     
