NCR SEM TN GSTDZALL Final Content:LA Level:15 Form:G Other:CB (18SEP07)                                                                                                                                                                                         
   0    124                                                                                                                                                                                                                                                     
   1    124                                                                                                                                                                                                                                                     
   2    124                                                                                                                                                                                                                                                     
   3    124                                                                                                                                                                                                                                                     
   4    124                                                                                                                                                                                                                                                     
   5    124                                                                                                                                                                                                                                                     
   6    124                                                                                                                                                                                                                                                     
   7     87                                                                                                                                                                                                                                                     
   8     51                                                                                                                                                                                                                                                     
   9     34                                                                                                                                                                                                                                                     
  10     25                                                                                                                                                                                                                                                     
  11     21                                                                                                                                                                                                                                                     
  12     18                                                                                                                                                                                                                                                     
  13     16                                                                                                                                                                                                                                                     
  14     14                                                                                                                                                                                                                                                     
  15     13                                                                                                                                                                                                                                                     
  16     12                                                                                                                                                                                                                                                     
  17     12                                                                                                                                                                                                                                                     
  18     11                                                                                                                                                                                                                                                     
  19     11                                                                                                                                                                                                                                                     
  20     11                                                                                                                                                                                                                                                     
  21     11                                                                                                                                                                                                                                                     
  22     11                                                                                                                                                                                                                                                     
  23     11                                                                                                                                                                                                                                                     
  24     11                                                                                                                                                                                                                                                     
  25     11                                                                                                                                                                                                                                                     
  26     12                                                                                                                                                                                                                                                     
  27     12                                                                                                                                                                                                                                                     
  28     13                                                                                                                                                                                                                                                     
  29     14                                                                                                                                                                                                                                                     
  30     15                                                                                                                                                                                                                                                     
  31     16                                                                                                                                                                                                                                                     
  32     18                                                                                                                                                                                                                                                     
  33     23                                                                                                                                                                                                                                                     
  34     75                                                                                                                                                                                                                                                     
