NCR SEM TN GSTDZALL Final Content:LA Level:15 Form:G Other:SV (18SEP07)                                                                                                                                                                                         
   0    124                                                                                                                                                                                                                                                     
   1    124                                                                                                                                                                                                                                                     
   2    124                                                                                                                                                                                                                                                     
   3    124                                                                                                                                                                                                                                                     
   4    124                                                                                                                                                                                                                                                     
   5    124                                                                                                                                                                                                                                                     
   6     64                                                                                                                                                                                                                                                     
   7     39                                                                                                                                                                                                                                                     
   8     28                                                                                                                                                                                                                                                     
   9     22                                                                                                                                                                                                                                                     
  10     18                                                                                                                                                                                                                                                     
  11     16                                                                                                                                                                                                                                                     
  12     15                                                                                                                                                                                                                                                     
  13     14                                                                                                                                                                                                                                                     
  14     13                                                                                                                                                                                                                                                     
  15     13                                                                                                                                                                                                                                                     
  16     12                                                                                                                                                                                                                                                     
  17     12                                                                                                                                                                                                                                                     
  18     12                                                                                                                                                                                                                                                     
  19     12                                                                                                                                                                                                                                                     
  20     13                                                                                                                                                                                                                                                     
  21     13                                                                                                                                                                                                                                                     
  22     14                                                                                                                                                                                                                                                     
  23     16                                                                                                                                                                                                                                                     
  24     17                                                                                                                                                                                                                                                     
  25     21                                                                                                                                                                                                                                                     
  26     29                                                                                                                                                                                                                                                     
  27     84                                                                                                                                                                                                                                                     
