NCR SEM TN GSTDZALL Final Content:LA Level:21 Form:G Other:SV (18SEP07)                                                                                                                                                                                         
   0    108                                                                                                                                                                                                                                                     
   1    108                                                                                                                                                                                                                                                     
   2    108                                                                                                                                                                                                                                                     
   3    108                                                                                                                                                                                                                                                     
   4    108                                                                                                                                                                                                                                                     
   5    108                                                                                                                                                                                                                                                     
   6     52                                                                                                                                                                                                                                                     
   7     32                                                                                                                                                                                                                                                     
   8     24                                                                                                                                                                                                                                                     
   9     19                                                                                                                                                                                                                                                     
  10     17                                                                                                                                                                                                                                                     
  11     15                                                                                                                                                                                                                                                     
  12     14                                                                                                                                                                                                                                                     
  13     13                                                                                                                                                                                                                                                     
  14     12                                                                                                                                                                                                                                                     
  15     12                                                                                                                                                                                                                                                     
  16     12                                                                                                                                                                                                                                                     
  17     12                                                                                                                                                                                                                                                     
  18     12                                                                                                                                                                                                                                                     
  19     12                                                                                                                                                                                                                                                     
  20     12                                                                                                                                                                                                                                                     
  21     13                                                                                                                                                                                                                                                     
  22     13                                                                                                                                                                                                                                                     
  23     15                                                                                                                                                                                                                                                     
  24     17                                                                                                                                                                                                                                                     
  25     21                                                                                                                                                                                                                                                     
  26     31                                                                                                                                                                                                                                                     
  27    108                                                                                                                                                                                                                                                     
