NCR SEM TN GSTDZALL Final Content:LA Level:21 Form:G Other:CB (18SEP07)                                                                                                                                                                                         
   0    110                                                                                                                                                                                                                                                     
   1    110                                                                                                                                                                                                                                                     
   2    110                                                                                                                                                                                                                                                     
   3    110                                                                                                                                                                                                                                                     
   4    110                                                                                                                                                                                                                                                     
   5    110                                                                                                                                                                                                                                                     
   6    110                                                                                                                                                                                                                                                     
   7     80                                                                                                                                                                                                                                                     
   8     47                                                                                                                                                                                                                                                     
   9     31                                                                                                                                                                                                                                                     
  10     23                                                                                                                                                                                                                                                     
  11     19                                                                                                                                                                                                                                                     
  12     17                                                                                                                                                                                                                                                     
  13     15                                                                                                                                                                                                                                                     
  14     13                                                                                                                                                                                                                                                     
  15     12                                                                                                                                                                                                                                                     
  16     12                                                                                                                                                                                                                                                     
  17     11                                                                                                                                                                                                                                                     
  18     11                                                                                                                                                                                                                                                     
  19     10                                                                                                                                                                                                                                                     
  20     10                                                                                                                                                                                                                                                     
  21     10                                                                                                                                                                                                                                                     
  22     10                                                                                                                                                                                                                                                     
  23     10                                                                                                                                                                                                                                                     
  24     10                                                                                                                                                                                                                                                     
  25     10                                                                                                                                                                                                                                                     
  26     10                                                                                                                                                                                                                                                     
  27     11                                                                                                                                                                                                                                                     
  28     12                                                                                                                                                                                                                                                     
  29     13                                                                                                                                                                                                                                                     
  30     14                                                                                                                                                                                                                                                     
  31     17                                                                                                                                                                                                                                                     
  32     21                                                                                                                                                                                                                                                     
  33     31                                                                                                                                                                                                                                                     
  34    100                                                                                                                                                                                                                                                     
