NCR SEM TN GSTDZALL Final Content:LA Level:14 Form:G Other:MA (18SEP07)                                                                                                                                                                                         
   0    117                                                                                                                                                                                                                                                     
   1    117                                                                                                                                                                                                                                                     
   2    117                                                                                                                                                                                                                                                     
   3    117                                                                                                                                                                                                                                                     
   4    117                                                                                                                                                                                                                                                     
   5    117                                                                                                                                                                                                                                                     
   6     76                                                                                                                                                                                                                                                     
   7     47                                                                                                                                                                                                                                                     
   8     31                                                                                                                                                                                                                                                     
   9     24                                                                                                                                                                                                                                                     
  10     20                                                                                                                                                                                                                                                     
  11     17                                                                                                                                                                                                                                                     
  12     16                                                                                                                                                                                                                                                     
  13     14                                                                                                                                                                                                                                                     
  14     13                                                                                                                                                                                                                                                     
  15     12                                                                                                                                                                                                                                                     
  16     11                                                                                                                                                                                                                                                     
  17     11                                                                                                                                                                                                                                                     
  18     10                                                                                                                                                                                                                                                     
  19     10                                                                                                                                                                                                                                                     
  20     10                                                                                                                                                                                                                                                     
  21     10                                                                                                                                                                                                                                                     
  22     10                                                                                                                                                                                                                                                     
  23     10                                                                                                                                                                                                                                                     
  24     10                                                                                                                                                                                                                                                     
  25     11                                                                                                                                                                                                                                                     
  26     11                                                                                                                                                                                                                                                     
  27     11                                                                                                                                                                                                                                                     
  28     12                                                                                                                                                                                                                                                     
  29     13                                                                                                                                                                                                                                                     
  30     13                                                                                                                                                                                                                                                     
  31     15                                                                                                                                                                                                                                                     
  32     16                                                                                                                                                                                                                                                     
  33     19                                                                                                                                                                                                                                                     
  34     22                                                                                                                                                                                                                                                     
  35     29                                                                                                                                                                                                                                                     
  36     43                                                                                                                                                                                                                                                     
  37     53                                                                                                                                                                                                                                                     
