NCR SEM TN GSTDZALL Final Content:LA Level:19 Form:G Other:SV (18SEP07)                                                                                                                                                                                         
   0    110                                                                                                                                                                                                                                                     
   1    110                                                                                                                                                                                                                                                     
   2    110                                                                                                                                                                                                                                                     
   3    110                                                                                                                                                                                                                                                     
   4    110                                                                                                                                                                                                                                                     
   5    110                                                                                                                                                                                                                                                     
   6     59                                                                                                                                                                                                                                                     
   7     37                                                                                                                                                                                                                                                     
   8     26                                                                                                                                                                                                                                                     
   9     21                                                                                                                                                                                                                                                     
  10     18                                                                                                                                                                                                                                                     
  11     16                                                                                                                                                                                                                                                     
  12     15                                                                                                                                                                                                                                                     
  13     15                                                                                                                                                                                                                                                     
  14     14                                                                                                                                                                                                                                                     
  15     14                                                                                                                                                                                                                                                     
  16     14                                                                                                                                                                                                                                                     
  17     14                                                                                                                                                                                                                                                     
  18     14                                                                                                                                                                                                                                                     
  19     14                                                                                                                                                                                                                                                     
  20     15                                                                                                                                                                                                                                                     
  21     16                                                                                                                                                                                                                                                     
  22     17                                                                                                                                                                                                                                                     
  23     18                                                                                                                                                                                                                                                     
  24     20                                                                                                                                                                                                                                                     
  25     23                                                                                                                                                                                                                                                     
  26     31                                                                                                                                                                                                                                                     
  27     81                                                                                                                                                                                                                                                     
