NCR SEM TN GSTDZALL Final Content:LA Level:13 Form:G Other:MA (18SEP07)                                                                                                                                                                                         
   0    102                                                                                                                                                                                                                                                     
   1    102                                                                                                                                                                                                                                                     
   2    102                                                                                                                                                                                                                                                     
   3    102                                                                                                                                                                                                                                                     
   4    102                                                                                                                                                                                                                                                     
   5     61                                                                                                                                                                                                                                                     
   6     38                                                                                                                                                                                                                                                     
   7     29                                                                                                                                                                                                                                                     
   8     24                                                                                                                                                                                                                                                     
   9     21                                                                                                                                                                                                                                                     
  10     19                                                                                                                                                                                                                                                     
  11     18                                                                                                                                                                                                                                                     
  12     17                                                                                                                                                                                                                                                     
  13     16                                                                                                                                                                                                                                                     
  14     16                                                                                                                                                                                                                                                     
  15     16                                                                                                                                                                                                                                                     
  16     16                                                                                                                                                                                                                                                     
  17     16                                                                                                                                                                                                                                                     
  18     16                                                                                                                                                                                                                                                     
  19     16                                                                                                                                                                                                                                                     
  20     17                                                                                                                                                                                                                                                     
  21     18                                                                                                                                                                                                                                                     
  22     19                                                                                                                                                                                                                                                     
  23     21                                                                                                                                                                                                                                                     
  24     24                                                                                                                                                                                                                                                     
  25     28                                                                                                                                                                                                                                                     
  26     37                                                                                                                                                                                                                                                     
  27     51                                                                                                                                                                                                                                                     
  28     51                                                                                                                                                                                                                                                     
