NCR SEM TN GSTDZALL Final Content:LA Level:17 Form:G Other:SV (18SEP07)                                                                                                                                                                                         
   0    124                                                                                                                                                                                                                                                     
   1    124                                                                                                                                                                                                                                                     
   2    124                                                                                                                                                                                                                                                     
   3    124                                                                                                                                                                                                                                                     
   4    124                                                                                                                                                                                                                                                     
   5    124                                                                                                                                                                                                                                                     
   6     66                                                                                                                                                                                                                                                     
   7     40                                                                                                                                                                                                                                                     
   8     28                                                                                                                                                                                                                                                     
   9     22                                                                                                                                                                                                                                                     
  10     19                                                                                                                                                                                                                                                     
  11     17                                                                                                                                                                                                                                                     
  12     16                                                                                                                                                                                                                                                     
  13     15                                                                                                                                                                                                                                                     
  14     14                                                                                                                                                                                                                                                     
  15     13                                                                                                                                                                                                                                                     
  16     13                                                                                                                                                                                                                                                     
  17     13                                                                                                                                                                                                                                                     
  18     13                                                                                                                                                                                                                                                     
  19     13                                                                                                                                                                                                                                                     
  20     13                                                                                                                                                                                                                                                     
  21     14                                                                                                                                                                                                                                                     
  22     15                                                                                                                                                                                                                                                     
  23     17                                                                                                                                                                                                                                                     
  24     21                                                                                                                                                                                                                                                     
  25     27                                                                                                                                                                                                                                                     
  26     41                                                                                                                                                                                                                                                     
  27     76                                                                                                                                                                                                                                                     
