NCR SEM TN GSTDZALL Final Content:LA Level:18 Form:G Other:MA (18SEP07)                                                                                                                                                                                         
   0    108                                                                                                                                                                                                                                                     
   1    108                                                                                                                                                                                                                                                     
   2    108                                                                                                                                                                                                                                                     
   3    108                                                                                                                                                                                                                                                     
   4    108                                                                                                                                                                                                                                                     
   5    108                                                                                                                                                                                                                                                     
   6    103                                                                                                                                                                                                                                                     
   7     64                                                                                                                                                                                                                                                     
   8     43                                                                                                                                                                                                                                                     
   9     32                                                                                                                                                                                                                                                     
  10     26                                                                                                                                                                                                                                                     
  11     22                                                                                                                                                                                                                                                     
  12     19                                                                                                                                                                                                                                                     
  13     17                                                                                                                                                                                                                                                     
  14     16                                                                                                                                                                                                                                                     
  15     15                                                                                                                                                                                                                                                     
  16     14                                                                                                                                                                                                                                                     
  17     13                                                                                                                                                                                                                                                     
  18     13                                                                                                                                                                                                                                                     
  19     12                                                                                                                                                                                                                                                     
  20     12                                                                                                                                                                                                                                                     
  21     12                                                                                                                                                                                                                                                     
  22     12                                                                                                                                                                                                                                                     
  23     12                                                                                                                                                                                                                                                     
  24     12                                                                                                                                                                                                                                                     
  25     12                                                                                                                                                                                                                                                     
  26     13                                                                                                                                                                                                                                                     
  27     13                                                                                                                                                                                                                                                     
  28     13                                                                                                                                                                                                                                                     
  29     14                                                                                                                                                                                                                                                     
  30     15                                                                                                                                                                                                                                                     
  31     16                                                                                                                                                                                                                                                     
  32     18                                                                                                                                                                                                                                                     
  33     20                                                                                                                                                                                                                                                     
  34     23                                                                                                                                                                                                                                                     
  35     27                                                                                                                                                                                                                                                     
  36     34                                                                                                                                                                                                                                                     
  37     46                                                                                                                                                                                                                                                     
  38     54                                                                                                                                                                                                                                                     
  39     54                                                                                                                                                                                                                                                     
