NCR SEM TN GSTDZALL Final Content:LA Level:16 Form:G Other:SV (18SEP07)                                                                                                                                                                                         
   0    129                                                                                                                                                                                                                                                     
   1    129                                                                                                                                                                                                                                                     
   2    129                                                                                                                                                                                                                                                     
   3    129                                                                                                                                                                                                                                                     
   4    129                                                                                                                                                                                                                                                     
   5    129                                                                                                                                                                                                                                                     
   6     82                                                                                                                                                                                                                                                     
   7     47                                                                                                                                                                                                                                                     
   8     30                                                                                                                                                                                                                                                     
   9     23                                                                                                                                                                                                                                                     
  10     19                                                                                                                                                                                                                                                     
  11     16                                                                                                                                                                                                                                                     
  12     14                                                                                                                                                                                                                                                     
  13     13                                                                                                                                                                                                                                                     
  14     13                                                                                                                                                                                                                                                     
  15     12                                                                                                                                                                                                                                                     
  16     12                                                                                                                                                                                                                                                     
  17     12                                                                                                                                                                                                                                                     
  18     12                                                                                                                                                                                                                                                     
  19     13                                                                                                                                                                                                                                                     
  20     13                                                                                                                                                                                                                                                     
  21     13                                                                                                                                                                                                                                                     
  22     14                                                                                                                                                                                                                                                     
  23     15                                                                                                                                                                                                                                                     
  24     16                                                                                                                                                                                                                                                     
  25     18                                                                                                                                                                                                                                                     
  26     26                                                                                                                                                                                                                                                     
  27    100                                                                                                                                                                                                                                                     
