NCR SEM TN GSTDZALL Final Content:LA Level:18 Form:G Other:CB (18SEP07)                                                                                                                                                                                         
   0    116                                                                                                                                                                                                                                                     
   1    116                                                                                                                                                                                                                                                     
   2    116                                                                                                                                                                                                                                                     
   3    116                                                                                                                                                                                                                                                     
   4    116                                                                                                                                                                                                                                                     
   5    116                                                                                                                                                                                                                                                     
   6    116                                                                                                                                                                                                                                                     
   7     68                                                                                                                                                                                                                                                     
   8     43                                                                                                                                                                                                                                                     
   9     29                                                                                                                                                                                                                                                     
  10     22                                                                                                                                                                                                                                                     
  11     19                                                                                                                                                                                                                                                     
  12     16                                                                                                                                                                                                                                                     
  13     15                                                                                                                                                                                                                                                     
  14     14                                                                                                                                                                                                                                                     
  15     13                                                                                                                                                                                                                                                     
  16     12                                                                                                                                                                                                                                                     
  17     12                                                                                                                                                                                                                                                     
  18     11                                                                                                                                                                                                                                                     
  19     11                                                                                                                                                                                                                                                     
  20     11                                                                                                                                                                                                                                                     
  21     11                                                                                                                                                                                                                                                     
  22     11                                                                                                                                                                                                                                                     
  23     11                                                                                                                                                                                                                                                     
  24     11                                                                                                                                                                                                                                                     
  25     11                                                                                                                                                                                                                                                     
  26     12                                                                                                                                                                                                                                                     
  27     12                                                                                                                                                                                                                                                     
  28     13                                                                                                                                                                                                                                                     
  29     14                                                                                                                                                                                                                                                     
  30     16                                                                                                                                                                                                                                                     
  31     19                                                                                                                                                                                                                                                     
  32     24                                                                                                                                                                                                                                                     
  33     38                                                                                                                                                                                                                                                     
  34     77                                                                                                                                                                                                                                                     
