NCR SEM TN GSTDZALL Final Content:LA Level:20 Form:G Other:SV (18SEP07)                                                                                                                                                                                         
   0    124                                                                                                                                                                                                                                                     
   1    124                                                                                                                                                                                                                                                     
   2    124                                                                                                                                                                                                                                                     
   3    124                                                                                                                                                                                                                                                     
   4    124                                                                                                                                                                                                                                                     
   5    124                                                                                                                                                                                                                                                     
   6     73                                                                                                                                                                                                                                                     
   7     42                                                                                                                                                                                                                                                     
   8     28                                                                                                                                                                                                                                                     
   9     22                                                                                                                                                                                                                                                     
  10     18                                                                                                                                                                                                                                                     
  11     16                                                                                                                                                                                                                                                     
  12     14                                                                                                                                                                                                                                                     
  13     13                                                                                                                                                                                                                                                     
  14     13                                                                                                                                                                                                                                                     
  15     12                                                                                                                                                                                                                                                     
  16     12                                                                                                                                                                                                                                                     
  17     12                                                                                                                                                                                                                                                     
  18     12                                                                                                                                                                                                                                                     
  19     12                                                                                                                                                                                                                                                     
  20     12                                                                                                                                                                                                                                                     
  21     12                                                                                                                                                                                                                                                     
  22     13                                                                                                                                                                                                                                                     
  23     14                                                                                                                                                                                                                                                     
  24     16                                                                                                                                                                                                                                                     
  25     19                                                                                                                                                                                                                                                     
  26     28                                                                                                                                                                                                                                                     
  27     96                                                                                                                                                                                                                                                     
