NCR SEM TN GSTDZALL Final Content:LA Level:14 Form:G Other:CB (18SEP07)                                                                                                                                                                                         
   0    127                                                                                                                                                                                                                                                     
   1    127                                                                                                                                                                                                                                                     
   2    127                                                                                                                                                                                                                                                     
   3    127                                                                                                                                                                                                                                                     
   4    127                                                                                                                                                                                                                                                     
   5    127                                                                                                                                                                                                                                                     
   6    127                                                                                                                                                                                                                                                     
   7     69                                                                                                                                                                                                                                                     
   8     42                                                                                                                                                                                                                                                     
   9     28                                                                                                                                                                                                                                                     
  10     22                                                                                                                                                                                                                                                     
  11     18                                                                                                                                                                                                                                                     
  12     16                                                                                                                                                                                                                                                     
  13     14                                                                                                                                                                                                                                                     
  14     12                                                                                                                                                                                                                                                     
  15     11                                                                                                                                                                                                                                                     
  16     11                                                                                                                                                                                                                                                     
  17     10                                                                                                                                                                                                                                                     
  18     10                                                                                                                                                                                                                                                     
  19      9                                                                                                                                                                                                                                                     
  20      9                                                                                                                                                                                                                                                     
  21      9                                                                                                                                                                                                                                                     
  22      9                                                                                                                                                                                                                                                     
  23      9                                                                                                                                                                                                                                                     
  24     10                                                                                                                                                                                                                                                     
  25     10                                                                                                                                                                                                                                                     
  26     10                                                                                                                                                                                                                                                     
  27     10                                                                                                                                                                                                                                                     
  28     11                                                                                                                                                                                                                                                     
  29     11                                                                                                                                                                                                                                                     
  30     12                                                                                                                                                                                                                                                     
  31     14                                                                                                                                                                                                                                                     
  32     17                                                                                                                                                                                                                                                     
  33     24                                                                                                                                                                                                                                                     
  34     80                                                                                                                                                                                                                                                     
