NCR SEM TN GSTDZALL Final Content:LA Level:19 Form:G Other:MA (18SEP07)                                                                                                                                                                                         
   0    101                                                                                                                                                                                                                                                     
   1    101                                                                                                                                                                                                                                                     
   2    101                                                                                                                                                                                                                                                     
   3    101                                                                                                                                                                                                                                                     
   4    101                                                                                                                                                                                                                                                     
   5    101                                                                                                                                                                                                                                                     
   6     73                                                                                                                                                                                                                                                     
   7     46                                                                                                                                                                                                                                                     
   8     32                                                                                                                                                                                                                                                     
   9     25                                                                                                                                                                                                                                                     
  10     21                                                                                                                                                                                                                                                     
  11     18                                                                                                                                                                                                                                                     
  12     17                                                                                                                                                                                                                                                     
  13     15                                                                                                                                                                                                                                                     
  14     14                                                                                                                                                                                                                                                     
  15     14                                                                                                                                                                                                                                                     
  16     13                                                                                                                                                                                                                                                     
  17     13                                                                                                                                                                                                                                                     
  18     13                                                                                                                                                                                                                                                     
  19     13                                                                                                                                                                                                                                                     
  20     12                                                                                                                                                                                                                                                     
  21     12                                                                                                                                                                                                                                                     
  22     12                                                                                                                                                                                                                                                     
  23     12                                                                                                                                                                                                                                                     
  24     12                                                                                                                                                                                                                                                     
  25     13                                                                                                                                                                                                                                                     
  26     13                                                                                                                                                                                                                                                     
  27     13                                                                                                                                                                                                                                                     
  28     13                                                                                                                                                                                                                                                     
  29     14                                                                                                                                                                                                                                                     
  30     14                                                                                                                                                                                                                                                     
  31     15                                                                                                                                                                                                                                                     
  32     16                                                                                                                                                                                                                                                     
  33     17                                                                                                                                                                                                                                                     
  34     19                                                                                                                                                                                                                                                     
  35     22                                                                                                                                                                                                                                                     
  36     27                                                                                                                                                                                                                                                     
  37     40                                                                                                                                                                                                                                                     
  38     52                                                                                                                                                                                                                                                     
