NCR SEM TN GSTDZALL Final Content:LA Level:20 Form:G Other:MA (18SEP07)                                                                                                                                                                                         
   0    113                                                                                                                                                                                                                                                     
   1    113                                                                                                                                                                                                                                                     
   2    113                                                                                                                                                                                                                                                     
   3    113                                                                                                                                                                                                                                                     
   4    113                                                                                                                                                                                                                                                     
   5    113                                                                                                                                                                                                                                                     
   6     89                                                                                                                                                                                                                                                     
   7     50                                                                                                                                                                                                                                                     
   8     33                                                                                                                                                                                                                                                     
   9     26                                                                                                                                                                                                                                                     
  10     22                                                                                                                                                                                                                                                     
  11     19                                                                                                                                                                                                                                                     
  12     17                                                                                                                                                                                                                                                     
  13     15                                                                                                                                                                                                                                                     
  14     14                                                                                                                                                                                                                                                     
  15     14                                                                                                                                                                                                                                                     
  16     13                                                                                                                                                                                                                                                     
  17     12                                                                                                                                                                                                                                                     
  18     12                                                                                                                                                                                                                                                     
  19     12                                                                                                                                                                                                                                                     
  20     12                                                                                                                                                                                                                                                     
  21     12                                                                                                                                                                                                                                                     
  22     11                                                                                                                                                                                                                                                     
  23     11                                                                                                                                                                                                                                                     
  24     12                                                                                                                                                                                                                                                     
  25     12                                                                                                                                                                                                                                                     
  26     12                                                                                                                                                                                                                                                     
  27     12                                                                                                                                                                                                                                                     
  28     12                                                                                                                                                                                                                                                     
  29     13                                                                                                                                                                                                                                                     
  30     13                                                                                                                                                                                                                                                     
  31     14                                                                                                                                                                                                                                                     
  32     15                                                                                                                                                                                                                                                     
  33     16                                                                                                                                                                                                                                                     
  34     19                                                                                                                                                                                                                                                     
  35     23                                                                                                                                                                                                                                                     
  36     30                                                                                                                                                                                                                                                     
  37     49                                                                                                                                                                                                                                                     
  38     68                                                                                                                                                                                                                                                     
