NCR SEM TN GSTDZALL Final Content:LA Level:16 Form:G Other:MA (18SEP07)                                                                                                                                                                                         
   0    120                                                                                                                                                                                                                                                     
   1    120                                                                                                                                                                                                                                                     
   2    120                                                                                                                                                                                                                                                     
   3    120                                                                                                                                                                                                                                                     
   4    120                                                                                                                                                                                                                                                     
   5    120                                                                                                                                                                                                                                                     
   6     99                                                                                                                                                                                                                                                     
   7     55                                                                                                                                                                                                                                                     
   8     36                                                                                                                                                                                                                                                     
   9     27                                                                                                                                                                                                                                                     
  10     22                                                                                                                                                                                                                                                     
  11     19                                                                                                                                                                                                                                                     
  12     17                                                                                                                                                                                                                                                     
  13     15                                                                                                                                                                                                                                                     
  14     14                                                                                                                                                                                                                                                     
  15     13                                                                                                                                                                                                                                                     
  16     12                                                                                                                                                                                                                                                     
  17     12                                                                                                                                                                                                                                                     
  18     12                                                                                                                                                                                                                                                     
  19     12                                                                                                                                                                                                                                                     
  20     12                                                                                                                                                                                                                                                     
  21     12                                                                                                                                                                                                                                                     
  22     12                                                                                                                                                                                                                                                     
  23     12                                                                                                                                                                                                                                                     
  24     12                                                                                                                                                                                                                                                     
  25     13                                                                                                                                                                                                                                                     
  26     13                                                                                                                                                                                                                                                     
  27     13                                                                                                                                                                                                                                                     
  28     14                                                                                                                                                                                                                                                     
  29     14                                                                                                                                                                                                                                                     
  30     15                                                                                                                                                                                                                                                     
  31     15                                                                                                                                                                                                                                                     
  32     16                                                                                                                                                                                                                                                     
  33     18                                                                                                                                                                                                                                                     
  34     21                                                                                                                                                                                                                                                     
  35     26                                                                                                                                                                                                                                                     
  36     34                                                                                                                                                                                                                                                     
  37     50                                                                                                                                                                                                                                                     
  38     54                                                                                                                                                                                                                                                     
