NCR SEM TN GSTDZALL Final Content:LA Level:15 Form:G Other:MA (18SEP07)                                                                                                                                                                                         
   0    115                                                                                                                                                                                                                                                     
   1    115                                                                                                                                                                                                                                                     
   2    115                                                                                                                                                                                                                                                     
   3    115                                                                                                                                                                                                                                                     
   4    115                                                                                                                                                                                                                                                     
   5    115                                                                                                                                                                                                                                                     
   6     73                                                                                                                                                                                                                                                     
   7     46                                                                                                                                                                                                                                                     
   8     32                                                                                                                                                                                                                                                     
   9     25                                                                                                                                                                                                                                                     
  10     21                                                                                                                                                                                                                                                     
  11     18                                                                                                                                                                                                                                                     
  12     17                                                                                                                                                                                                                                                     
  13     15                                                                                                                                                                                                                                                     
  14     14                                                                                                                                                                                                                                                     
  15     13                                                                                                                                                                                                                                                     
  16     13                                                                                                                                                                                                                                                     
  17     12                                                                                                                                                                                                                                                     
  18     12                                                                                                                                                                                                                                                     
  19     12                                                                                                                                                                                                                                                     
  20     12                                                                                                                                                                                                                                                     
  21     12                                                                                                                                                                                                                                                     
  22     12                                                                                                                                                                                                                                                     
  23     12                                                                                                                                                                                                                                                     
  24     12                                                                                                                                                                                                                                                     
  25     12                                                                                                                                                                                                                                                     
  26     13                                                                                                                                                                                                                                                     
  27     13                                                                                                                                                                                                                                                     
  28     14                                                                                                                                                                                                                                                     
  29     14                                                                                                                                                                                                                                                     
  30     15                                                                                                                                                                                                                                                     
  31     16                                                                                                                                                                                                                                                     
  32     18                                                                                                                                                                                                                                                     
  33     20                                                                                                                                                                                                                                                     
  34     23                                                                                                                                                                                                                                                     
  35     28                                                                                                                                                                                                                                                     
  36     34                                                                                                                                                                                                                                                     
  37     46                                                                                                                                                                                                                                                     
  38     46                                                                                                                                                                                                                                                     
