NCR SEM TN GSTDZALL Final Content:LA Level:20 Form:G Other:CB (18SEP07)                                                                                                                                                                                         
   0    123                                                                                                                                                                                                                                                     
   1    123                                                                                                                                                                                                                                                     
   2    123                                                                                                                                                                                                                                                     
   3    123                                                                                                                                                                                                                                                     
   4    123                                                                                                                                                                                                                                                     
   5    123                                                                                                                                                                                                                                                     
   6    123                                                                                                                                                                                                                                                     
   7    123                                                                                                                                                                                                                                                     
   8     57                                                                                                                                                                                                                                                     
   9     37                                                                                                                                                                                                                                                     
  10     26                                                                                                                                                                                                                                                     
  11     21                                                                                                                                                                                                                                                     
  12     18                                                                                                                                                                                                                                                     
  13     15                                                                                                                                                                                                                                                     
  14     14                                                                                                                                                                                                                                                     
  15     12                                                                                                                                                                                                                                                     
  16     12                                                                                                                                                                                                                                                     
  17     11                                                                                                                                                                                                                                                     
  18     10                                                                                                                                                                                                                                                     
  19     10                                                                                                                                                                                                                                                     
  20     10                                                                                                                                                                                                                                                     
  21     10                                                                                                                                                                                                                                                     
  22     10                                                                                                                                                                                                                                                     
  23     10                                                                                                                                                                                                                                                     
  24     10                                                                                                                                                                                                                                                     
  25     10                                                                                                                                                                                                                                                     
  26     10                                                                                                                                                                                                                                                     
  27     11                                                                                                                                                                                                                                                     
  28     11                                                                                                                                                                                                                                                     
  29     12                                                                                                                                                                                                                                                     
  30     13                                                                                                                                                                                                                                                     
  31     15                                                                                                                                                                                                                                                     
  32     19                                                                                                                                                                                                                                                     
  33     27                                                                                                                                                                                                                                                     
  34     92                                                                                                                                                                                                                                                     
