NCR SEM TN GSTDZALL Final Content:LA Level:18 Form:G Other:SV (18SEP07)                                                                                                                                                                                         
   0    119                                                                                                                                                                                                                                                     
   1    119                                                                                                                                                                                                                                                     
   2    119                                                                                                                                                                                                                                                     
   3    119                                                                                                                                                                                                                                                     
   4    119                                                                                                                                                                                                                                                     
   5    119                                                                                                                                                                                                                                                     
   6     56                                                                                                                                                                                                                                                     
   7     35                                                                                                                                                                                                                                                     
   8     25                                                                                                                                                                                                                                                     
   9     20                                                                                                                                                                                                                                                     
  10     17                                                                                                                                                                                                                                                     
  11     15                                                                                                                                                                                                                                                     
  12     14                                                                                                                                                                                                                                                     
  13     13                                                                                                                                                                                                                                                     
  14     13                                                                                                                                                                                                                                                     
  15     12                                                                                                                                                                                                                                                     
  16     12                                                                                                                                                                                                                                                     
  17     12                                                                                                                                                                                                                                                     
  18     12                                                                                                                                                                                                                                                     
  19     12                                                                                                                                                                                                                                                     
  20     13                                                                                                                                                                                                                                                     
  21     13                                                                                                                                                                                                                                                     
  22     14                                                                                                                                                                                                                                                     
  23     16                                                                                                                                                                                                                                                     
  24     18                                                                                                                                                                                                                                                     
  25     23                                                                                                                                                                                                                                                     
  26     35                                                                                                                                                                                                                                                     
  27     88                                                                                                                                                                                                                                                     
