NCR SEM TN GSTDZALL Final Content:LA Level:14 Form:G Other:SV (18SEP07)                                                                                                                                                                                         
   0    125                                                                                                                                                                                                                                                     
   1    125                                                                                                                                                                                                                                                     
   2    125                                                                                                                                                                                                                                                     
   3    125                                                                                                                                                                                                                                                     
   4    125                                                                                                                                                                                                                                                     
   5    125                                                                                                                                                                                                                                                     
   6     49                                                                                                                                                                                                                                                     
   7     31                                                                                                                                                                                                                                                     
   8     23                                                                                                                                                                                                                                                     
   9     19                                                                                                                                                                                                                                                     
  10     16                                                                                                                                                                                                                                                     
  11     14                                                                                                                                                                                                                                                     
  12     13                                                                                                                                                                                                                                                     
  13     12                                                                                                                                                                                                                                                     
  14     11                                                                                                                                                                                                                                                     
  15     11                                                                                                                                                                                                                                                     
  16     10                                                                                                                                                                                                                                                     
  17     10                                                                                                                                                                                                                                                     
  18     10                                                                                                                                                                                                                                                     
  19     11                                                                                                                                                                                                                                                     
  20     11                                                                                                                                                                                                                                                     
  21     11                                                                                                                                                                                                                                                     
  22     12                                                                                                                                                                                                                                                     
  23     13                                                                                                                                                                                                                                                     
  24     15                                                                                                                                                                                                                                                     
  25     18                                                                                                                                                                                                                                                     
  26     26                                                                                                                                                                                                                                                     
  27     90                                                                                                                                                                                                                                                     
