NCR SEM TN GSTDZALL Final Content:LA Level:21 Form:G Other:MA (18SEP07)                                                                                                                                                                                         
   0     97                                                                                                                                                                                                                                                     
   1     97                                                                                                                                                                                                                                                     
   2     97                                                                                                                                                                                                                                                     
   3     97                                                                                                                                                                                                                                                     
   4     97                                                                                                                                                                                                                                                     
   5     97                                                                                                                                                                                                                                                     
   6     97                                                                                                                                                                                                                                                     
   7     62                                                                                                                                                                                                                                                     
   8     41                                                                                                                                                                                                                                                     
   9     31                                                                                                                                                                                                                                                     
  10     25                                                                                                                                                                                                                                                     
  11     21                                                                                                                                                                                                                                                     
  12     18                                                                                                                                                                                                                                                     
  13     17                                                                                                                                                                                                                                                     
  14     15                                                                                                                                                                                                                                                     
  15     14                                                                                                                                                                                                                                                     
  16     13                                                                                                                                                                                                                                                     
  17     13                                                                                                                                                                                                                                                     
  18     12                                                                                                                                                                                                                                                     
  19     12                                                                                                                                                                                                                                                     
  20     12                                                                                                                                                                                                                                                     
  21     12                                                                                                                                                                                                                                                     
  22     12                                                                                                                                                                                                                                                     
  23     12                                                                                                                                                                                                                                                     
  24     12                                                                                                                                                                                                                                                     
  25     12                                                                                                                                                                                                                                                     
  26     12                                                                                                                                                                                                                                                     
  27     13                                                                                                                                                                                                                                                     
  28     13                                                                                                                                                                                                                                                     
  29     14                                                                                                                                                                                                                                                     
  30     15                                                                                                                                                                                                                                                     
  31     17                                                                                                                                                                                                                                                     
  32     18                                                                                                                                                                                                                                                     
  33     21                                                                                                                                                                                                                                                     
  34     24                                                                                                                                                                                                                                                     
  35     28                                                                                                                                                                                                                                                     
  36     36                                                                                                                                                                                                                                                     
  37     55                                                                                                                                                                                                                                                     
  38     62                                                                                                                                                                                                                                                     
