NCR SEM TN GSTDZALL Final Content:MA Level:16 Form:G Other:MA (18SEP07)                                                                                                                                                                                         
   0    132                                                                                                                                                                                                                                                     
   1    132                                                                                                                                                                                                                                                     
   2    132                                                                                                                                                                                                                                                     
   3    132                                                                                                                                                                                                                                                     
   4    132                                                                                                                                                                                                                                                     
   5    132                                                                                                                                                                                                                                                     
   6    123                                                                                                                                                                                                                                                     
   7     65                                                                                                                                                                                                                                                     
   8     43                                                                                                                                                                                                                                                     
   9     32                                                                                                                                                                                                                                                     
  10     26                                                                                                                                                                                                                                                     
  11     22                                                                                                                                                                                                                                                     
  12     19                                                                                                                                                                                                                                                     
  13     17                                                                                                                                                                                                                                                     
  14     16                                                                                                                                                                                                                                                     
  15     15                                                                                                                                                                                                                                                     
  16     14                                                                                                                                                                                                                                                     
  17     13                                                                                                                                                                                                                                                     
  18     12                                                                                                                                                                                                                                                     
  19     12                                                                                                                                                                                                                                                     
  20     11                                                                                                                                                                                                                                                     
  21     11                                                                                                                                                                                                                                                     
  22     11                                                                                                                                                                                                                                                     
  23     10                                                                                                                                                                                                                                                     
  24     10                                                                                                                                                                                                                                                     
  25     10                                                                                                                                                                                                                                                     
  26     10                                                                                                                                                                                                                                                     
  27     10                                                                                                                                                                                                                                                     
  28     10                                                                                                                                                                                                                                                     
  29     10                                                                                                                                                                                                                                                     
  30      9                                                                                                                                                                                                                                                     
  31      9                                                                                                                                                                                                                                                     
  32      9                                                                                                                                                                                                                                                     
  33      9                                                                                                                                                                                                                                                     
  34      9                                                                                                                                                                                                                                                     
  35      9                                                                                                                                                                                                                                                     
  36      9                                                                                                                                                                                                                                                     
  37      9                                                                                                                                                                                                                                                     
  38      9                                                                                                                                                                                                                                                     
  39      9                                                                                                                                                                                                                                                     
  40     10                                                                                                                                                                                                                                                     
  41     10                                                                                                                                                                                                                                                     
  42     10                                                                                                                                                                                                                                                     
  43     10                                                                                                                                                                                                                                                     
  44     10                                                                                                                                                                                                                                                     
  45     11                                                                                                                                                                                                                                                     
  46     11                                                                                                                                                                                                                                                     
  47     12                                                                                                                                                                                                                                                     
  48     12                                                                                                                                                                                                                                                     
  49     13                                                                                                                                                                                                                                                     
  50     14                                                                                                                                                                                                                                                     
  51     16                                                                                                                                                                                                                                                     
  52     18                                                                                                                                                                                                                                                     
  53     22                                                                                                                                                                                                                                                     
  54     29                                                                                                                                                                                                                                                     
  55     46                                                                                                                                                                                                                                                     
  56     54                                                                                                                                                                                                                                                     
