NCR SEM TN GSTDZALL Final Content:MA Level:17 Form:G Other:CB (18SEP07)                                                                                                                                                                                         
   0    162                                                                                                                                                                                                                                                     
   1    162                                                                                                                                                                                                                                                     
   2    162                                                                                                                                                                                                                                                     
   3    162                                                                                                                                                                                                                                                     
   4    162                                                                                                                                                                                                                                                     
   5    162                                                                                                                                                                                                                                                     
   6    162                                                                                                                                                                                                                                                     
   7    162                                                                                                                                                                                                                                                     
   8    162                                                                                                                                                                                                                                                     
   9    162                                                                                                                                                                                                                                                     
  10    162                                                                                                                                                                                                                                                     
  11    162                                                                                                                                                                                                                                                     
  12     78                                                                                                                                                                                                                                                     
  13     51                                                                                                                                                                                                                                                     
  14     37                                                                                                                                                                                                                                                     
  15     28                                                                                                                                                                                                                                                     
  16     23                                                                                                                                                                                                                                                     
  17     20                                                                                                                                                                                                                                                     
  18     18                                                                                                                                                                                                                                                     
  19     16                                                                                                                                                                                                                                                     
  20     15                                                                                                                                                                                                                                                     
  21     14                                                                                                                                                                                                                                                     
  22     13                                                                                                                                                                                                                                                     
  23     12                                                                                                                                                                                                                                                     
  24     12                                                                                                                                                                                                                                                     
  25     11                                                                                                                                                                                                                                                     
  26     11                                                                                                                                                                                                                                                     
  27     10                                                                                                                                                                                                                                                     
  28     10                                                                                                                                                                                                                                                     
  29     10                                                                                                                                                                                                                                                     
  30      9                                                                                                                                                                                                                                                     
  31      9                                                                                                                                                                                                                                                     
  32      9                                                                                                                                                                                                                                                     
  33      9                                                                                                                                                                                                                                                     
  34      8                                                                                                                                                                                                                                                     
  35      8                                                                                                                                                                                                                                                     
  36      8                                                                                                                                                                                                                                                     
  37      8                                                                                                                                                                                                                                                     
  38      8                                                                                                                                                                                                                                                     
  39      8                                                                                                                                                                                                                                                     
  40      8                                                                                                                                                                                                                                                     
  41      8                                                                                                                                                                                                                                                     
  42      8                                                                                                                                                                                                                                                     
  43      8                                                                                                                                                                                                                                                     
  44      8                                                                                                                                                                                                                                                     
  45      8                                                                                                                                                                                                                                                     
  46      8                                                                                                                                                                                                                                                     
  47      8                                                                                                                                                                                                                                                     
  48      9                                                                                                                                                                                                                                                     
  49      9                                                                                                                                                                                                                                                     
  50     10                                                                                                                                                                                                                                                     
  51     10                                                                                                                                                                                                                                                     
  52     11                                                                                                                                                                                                                                                     
  53     13                                                                                                                                                                                                                                                     
  54     15                                                                                                                                                                                                                                                     
  55     19                                                                                                                                                                                                                                                     
  56     29                                                                                                                                                                                                                                                     
  57     77                                                                                                                                                                                                                                                     
