NCR SEM TN GSTDZALL Final Content:MA Level:20 Form:G Other:MA (18SEP07)                                                                                                                                                                                         
   0    149                                                                                                                                                                                                                                                     
   1    149                                                                                                                                                                                                                                                     
   2    149                                                                                                                                                                                                                                                     
   3    149                                                                                                                                                                                                                                                     
   4    149                                                                                                                                                                                                                                                     
   5    149                                                                                                                                                                                                                                                     
   6     66                                                                                                                                                                                                                                                     
   7     42                                                                                                                                                                                                                                                     
   8     30                                                                                                                                                                                                                                                     
   9     23                                                                                                                                                                                                                                                     
  10     20                                                                                                                                                                                                                                                     
  11     17                                                                                                                                                                                                                                                     
  12     16                                                                                                                                                                                                                                                     
  13     14                                                                                                                                                                                                                                                     
  14     13                                                                                                                                                                                                                                                     
  15     12                                                                                                                                                                                                                                                     
  16     12                                                                                                                                                                                                                                                     
  17     11                                                                                                                                                                                                                                                     
  18     11                                                                                                                                                                                                                                                     
  19     11                                                                                                                                                                                                                                                     
  20     10                                                                                                                                                                                                                                                     
  21     10                                                                                                                                                                                                                                                     
  22     10                                                                                                                                                                                                                                                     
  23     10                                                                                                                                                                                                                                                     
  24      9                                                                                                                                                                                                                                                     
  25      9                                                                                                                                                                                                                                                     
  26      9                                                                                                                                                                                                                                                     
  27      9                                                                                                                                                                                                                                                     
  28      9                                                                                                                                                                                                                                                     
  29      9                                                                                                                                                                                                                                                     
  30      9                                                                                                                                                                                                                                                     
  31      9                                                                                                                                                                                                                                                     
  32      9                                                                                                                                                                                                                                                     
  33      9                                                                                                                                                                                                                                                     
  34      9                                                                                                                                                                                                                                                     
  35      9                                                                                                                                                                                                                                                     
  36      9                                                                                                                                                                                                                                                     
  37      9                                                                                                                                                                                                                                                     
  38      9                                                                                                                                                                                                                                                     
  39      9                                                                                                                                                                                                                                                     
  40      9                                                                                                                                                                                                                                                     
  41      9                                                                                                                                                                                                                                                     
  42     10                                                                                                                                                                                                                                                     
  43     10                                                                                                                                                                                                                                                     
  44     10                                                                                                                                                                                                                                                     
  45     11                                                                                                                                                                                                                                                     
  46     11                                                                                                                                                                                                                                                     
  47     12                                                                                                                                                                                                                                                     
  48     13                                                                                                                                                                                                                                                     
  49     14                                                                                                                                                                                                                                                     
  50     15                                                                                                                                                                                                                                                     
  51     17                                                                                                                                                                                                                                                     
  52     21                                                                                                                                                                                                                                                     
  53     26                                                                                                                                                                                                                                                     
  54     39                                                                                                                                                                                                                                                     
  55     64                                                                                                                                                                                                                                                     
