NCR SEM TN GSTDZALL Final Content:MA Level:13 Form:G Other:CB (18SEP07)                                                                                                                                                                                         
   0    168                                                                                                                                                                                                                                                     
   1    168                                                                                                                                                                                                                                                     
   2    168                                                                                                                                                                                                                                                     
   3    168                                                                                                                                                                                                                                                     
   4    168                                                                                                                                                                                                                                                     
   5    168                                                                                                                                                                                                                                                     
   6    168                                                                                                                                                                                                                                                     
   7    168                                                                                                                                                                                                                                                     
   8    168                                                                                                                                                                                                                                                     
   9    168                                                                                                                                                                                                                                                     
  10    136                                                                                                                                                                                                                                                     
  11     75                                                                                                                                                                                                                                                     
  12     51                                                                                                                                                                                                                                                     
  13     36                                                                                                                                                                                                                                                     
  14     28                                                                                                                                                                                                                                                     
  15     23                                                                                                                                                                                                                                                     
  16     20                                                                                                                                                                                                                                                     
  17     18                                                                                                                                                                                                                                                     
  18     16                                                                                                                                                                                                                                                     
  19     15                                                                                                                                                                                                                                                     
  20     14                                                                                                                                                                                                                                                     
  21     13                                                                                                                                                                                                                                                     
  22     12                                                                                                                                                                                                                                                     
  23     12                                                                                                                                                                                                                                                     
  24     11                                                                                                                                                                                                                                                     
  25     11                                                                                                                                                                                                                                                     
  26     10                                                                                                                                                                                                                                                     
  27     10                                                                                                                                                                                                                                                     
  28     10                                                                                                                                                                                                                                                     
  29     10                                                                                                                                                                                                                                                     
  30     10                                                                                                                                                                                                                                                     
  31      9                                                                                                                                                                                                                                                     
  32      9                                                                                                                                                                                                                                                     
  33      9                                                                                                                                                                                                                                                     
  34      9                                                                                                                                                                                                                                                     
  35      9                                                                                                                                                                                                                                                     
  36      9                                                                                                                                                                                                                                                     
  37      9                                                                                                                                                                                                                                                     
  38     10                                                                                                                                                                                                                                                     
  39     10                                                                                                                                                                                                                                                     
  40     10                                                                                                                                                                                                                                                     
  41     10                                                                                                                                                                                                                                                     
  42     11                                                                                                                                                                                                                                                     
  43     12                                                                                                                                                                                                                                                     
  44     12                                                                                                                                                                                                                                                     
  45     14                                                                                                                                                                                                                                                     
  46     15                                                                                                                                                                                                                                                     
  47     18                                                                                                                                                                                                                                                     
  48     23                                                                                                                                                                                                                                                     
  49     35                                                                                                                                                                                                                                                     
  50     63                                                                                                                                                                                                                                                     
