NCR SEM TN GSTDZALL Final Content:MA Level:14 Form:G Other:SV (18SEP07)                                                                                                                                                                                         
   0    192                                                                                                                                                                                                                                                     
   1    192                                                                                                                                                                                                                                                     
   2    192                                                                                                                                                                                                                                                     
   3    192                                                                                                                                                                                                                                                     
   4    192                                                                                                                                                                                                                                                     
   5    192                                                                                                                                                                                                                                                     
   6    179                                                                                                                                                                                                                                                     
   7     79                                                                                                                                                                                                                                                     
   8     50                                                                                                                                                                                                                                                     
   9     35                                                                                                                                                                                                                                                     
  10     27                                                                                                                                                                                                                                                     
  11     23                                                                                                                                                                                                                                                     
  12     20                                                                                                                                                                                                                                                     
  13     18                                                                                                                                                                                                                                                     
  14     17                                                                                                                                                                                                                                                     
  15     16                                                                                                                                                                                                                                                     
  16     15                                                                                                                                                                                                                                                     
  17     14                                                                                                                                                                                                                                                     
  18     14                                                                                                                                                                                                                                                     
  19     14                                                                                                                                                                                                                                                     
  20     13                                                                                                                                                                                                                                                     
  21     13                                                                                                                                                                                                                                                     
  22     13                                                                                                                                                                                                                                                     
  23     13                                                                                                                                                                                                                                                     
  24     13                                                                                                                                                                                                                                                     
  25     13                                                                                                                                                                                                                                                     
  26     14                                                                                                                                                                                                                                                     
  27     14                                                                                                                                                                                                                                                     
  28     15                                                                                                                                                                                                                                                     
  29     17                                                                                                                                                                                                                                                     
  30     22                                                                                                                                                                                                                                                     
  31     34                                                                                                                                                                                                                                                     
  32     62                                                                                                                                                                                                                                                     
