NCR SEM TN GSTDZALL Final Content:MA Level:10 Form:G Other:CB (18SEP07)                                                                                                                                                                                         
   0    125                                                                                                                                                                                                                                                     
   1    125                                                                                                                                                                                                                                                     
   2    125                                                                                                                                                                                                                                                     
   3    125                                                                                                                                                                                                                                                     
   4    125                                                                                                                                                                                                                                                     
   5    125                                                                                                                                                                                                                                                     
   6    125                                                                                                                                                                                                                                                     
   7     87                                                                                                                                                                                                                                                     
   8     55                                                                                                                                                                                                                                                     
   9     39                                                                                                                                                                                                                                                     
  10     31                                                                                                                                                                                                                                                     
  11     26                                                                                                                                                                                                                                                     
  12     23                                                                                                                                                                                                                                                     
  13     21                                                                                                                                                                                                                                                     
  14     20                                                                                                                                                                                                                                                     
  15     19                                                                                                                                                                                                                                                     
  16     18                                                                                                                                                                                                                                                     
  17     17                                                                                                                                                                                                                                                     
  18     17                                                                                                                                                                                                                                                     
  19     16                                                                                                                                                                                                                                                     
  20     16                                                                                                                                                                                                                                                     
  21     16                                                                                                                                                                                                                                                     
  22     16                                                                                                                                                                                                                                                     
  23     16                                                                                                                                                                                                                                                     
  24     16                                                                                                                                                                                                                                                     
  25     16                                                                                                                                                                                                                                                     
  26     17                                                                                                                                                                                                                                                     
  27     18                                                                                                                                                                                                                                                     
  28     21                                                                                                                                                                                                                                                     
  29     31                                                                                                                                                                                                                                                     
  30     74                                                                                                                                                                                                                                                     
