NCR SEM TN GSTDZALL Final Content:MA Level:11 Form:G Other:MA (18SEP07)                                                                                                                                                                                         
   0     94                                                                                                                                                                                                                                                     
   1     94                                                                                                                                                                                                                                                     
   2     94                                                                                                                                                                                                                                                     
   3     94                                                                                                                                                                                                                                                     
   4     94                                                                                                                                                                                                                                                     
   5     94                                                                                                                                                                                                                                                     
   6     87                                                                                                                                                                                                                                                     
   7     56                                                                                                                                                                                                                                                     
   8     40                                                                                                                                                                                                                                                     
   9     32                                                                                                                                                                                                                                                     
  10     27                                                                                                                                                                                                                                                     
  11     24                                                                                                                                                                                                                                                     
  12     22                                                                                                                                                                                                                                                     
  13     20                                                                                                                                                                                                                                                     
  14     18                                                                                                                                                                                                                                                     
  15     17                                                                                                                                                                                                                                                     
  16     16                                                                                                                                                                                                                                                     
  17     16                                                                                                                                                                                                                                                     
  18     15                                                                                                                                                                                                                                                     
  19     15                                                                                                                                                                                                                                                     
  20     14                                                                                                                                                                                                                                                     
  21     14                                                                                                                                                                                                                                                     
  22     14                                                                                                                                                                                                                                                     
  23     14                                                                                                                                                                                                                                                     
  24     14                                                                                                                                                                                                                                                     
  25     14                                                                                                                                                                                                                                                     
  26     14                                                                                                                                                                                                                                                     
  27     14                                                                                                                                                                                                                                                     
  28     14                                                                                                                                                                                                                                                     
  29     14                                                                                                                                                                                                                                                     
  30     14                                                                                                                                                                                                                                                     
  31     14                                                                                                                                                                                                                                                     
  32     15                                                                                                                                                                                                                                                     
  33     15                                                                                                                                                                                                                                                     
  34     15                                                                                                                                                                                                                                                     
  35     16                                                                                                                                                                                                                                                     
  36     16                                                                                                                                                                                                                                                     
  37     17                                                                                                                                                                                                                                                     
  38     19                                                                                                                                                                                                                                                     
  39     22                                                                                                                                                                                                                                                     
  40     26                                                                                                                                                                                                                                                     
  41     33                                                                                                                                                                                                                                                     
  42     45                                                                                                                                                                                                                                                     
  43     75                                                                                                                                                                                                                                                     
  44     75                                                                                                                                                                                                                                                     
