NCR SEM TN GSTDZALL Final Content:MA Level:14 Form:G Other:CB (18SEP07)                                                                                                                                                                                         
   0    188                                                                                                                                                                                                                                                     
   1    188                                                                                                                                                                                                                                                     
   2    188                                                                                                                                                                                                                                                     
   3    188                                                                                                                                                                                                                                                     
   4    188                                                                                                                                                                                                                                                     
   5    188                                                                                                                                                                                                                                                     
   6    188                                                                                                                                                                                                                                                     
   7    188                                                                                                                                                                                                                                                     
   8    188                                                                                                                                                                                                                                                     
   9    188                                                                                                                                                                                                                                                     
  10    188                                                                                                                                                                                                                                                     
  11    188                                                                                                                                                                                                                                                     
  12    105                                                                                                                                                                                                                                                     
  13     67                                                                                                                                                                                                                                                     
  14     48                                                                                                                                                                                                                                                     
  15     35                                                                                                                                                                                                                                                     
  16     28                                                                                                                                                                                                                                                     
  17     23                                                                                                                                                                                                                                                     
  18     20                                                                                                                                                                                                                                                     
  19     18                                                                                                                                                                                                                                                     
  20     16                                                                                                                                                                                                                                                     
  21     15                                                                                                                                                                                                                                                     
  22     14                                                                                                                                                                                                                                                     
  23     13                                                                                                                                                                                                                                                     
  24     13                                                                                                                                                                                                                                                     
  25     12                                                                                                                                                                                                                                                     
  26     12                                                                                                                                                                                                                                                     
  27     11                                                                                                                                                                                                                                                     
  28     11                                                                                                                                                                                                                                                     
  29     11                                                                                                                                                                                                                                                     
  30     10                                                                                                                                                                                                                                                     
  31     10                                                                                                                                                                                                                                                     
  32     10                                                                                                                                                                                                                                                     
  33     10                                                                                                                                                                                                                                                     
  34      9                                                                                                                                                                                                                                                     
  35      9                                                                                                                                                                                                                                                     
  36      9                                                                                                                                                                                                                                                     
  37      9                                                                                                                                                                                                                                                     
  38      9                                                                                                                                                                                                                                                     
  39      9                                                                                                                                                                                                                                                     
  40      9                                                                                                                                                                                                                                                     
  41      9                                                                                                                                                                                                                                                     
  42      9                                                                                                                                                                                                                                                     
  43      9                                                                                                                                                                                                                                                     
  44      9                                                                                                                                                                                                                                                     
  45      9                                                                                                                                                                                                                                                     
  46     10                                                                                                                                                                                                                                                     
  47     10                                                                                                                                                                                                                                                     
  48     10                                                                                                                                                                                                                                                     
  49     11                                                                                                                                                                                                                                                     
  50     11                                                                                                                                                                                                                                                     
  51     12                                                                                                                                                                                                                                                     
  52     13                                                                                                                                                                                                                                                     
  53     15                                                                                                                                                                                                                                                     
  54     18                                                                                                                                                                                                                                                     
  55     23                                                                                                                                                                                                                                                     
  56     36                                                                                                                                                                                                                                                     
  57     48                                                                                                                                                                                                                                                     
