NCR SEM TN GSTDZALL Final Content:MA Level:13 Form:G Other:SV (18SEP07)                                                                                                                                                                                         
   0    176                                                                                                                                                                                                                                                     
   1    176                                                                                                                                                                                                                                                     
   2    176                                                                                                                                                                                                                                                     
   3    176                                                                                                                                                                                                                                                     
   4    176                                                                                                                                                                                                                                                     
   5    176                                                                                                                                                                                                                                                     
   6    145                                                                                                                                                                                                                                                     
   7     68                                                                                                                                                                                                                                                     
   8     43                                                                                                                                                                                                                                                     
   9     30                                                                                                                                                                                                                                                     
  10     24                                                                                                                                                                                                                                                     
  11     20                                                                                                                                                                                                                                                     
  12     18                                                                                                                                                                                                                                                     
  13     16                                                                                                                                                                                                                                                     
  14     15                                                                                                                                                                                                                                                     
  15     14                                                                                                                                                                                                                                                     
  16     13                                                                                                                                                                                                                                                     
  17     13                                                                                                                                                                                                                                                     
  18     12                                                                                                                                                                                                                                                     
  19     12                                                                                                                                                                                                                                                     
  20     12                                                                                                                                                                                                                                                     
  21     12                                                                                                                                                                                                                                                     
  22     12                                                                                                                                                                                                                                                     
  23     12                                                                                                                                                                                                                                                     
  24     13                                                                                                                                                                                                                                                     
  25     14                                                                                                                                                                                                                                                     
  26     15                                                                                                                                                                                                                                                     
  27     18                                                                                                                                                                                                                                                     
  28     22                                                                                                                                                                                                                                                     
  29     34                                                                                                                                                                                                                                                     
  30     89                                                                                                                                                                                                                                                     
