NCR SEM TN GSTDZALL Final Content:MA Level:15 Form:G Other:SV (18SEP07)                                                                                                                                                                                         
   0    179                                                                                                                                                                                                                                                     
   1    179                                                                                                                                                                                                                                                     
   2    179                                                                                                                                                                                                                                                     
   3    179                                                                                                                                                                                                                                                     
   4    179                                                                                                                                                                                                                                                     
   5    179                                                                                                                                                                                                                                                     
   6    179                                                                                                                                                                                                                                                     
   7     62                                                                                                                                                                                                                                                     
   8     40                                                                                                                                                                                                                                                     
   9     29                                                                                                                                                                                                                                                     
  10     23                                                                                                                                                                                                                                                     
  11     20                                                                                                                                                                                                                                                     
  12     18                                                                                                                                                                                                                                                     
  13     16                                                                                                                                                                                                                                                     
  14     15                                                                                                                                                                                                                                                     
  15     15                                                                                                                                                                                                                                                     
  16     14                                                                                                                                                                                                                                                     
  17     14                                                                                                                                                                                                                                                     
  18     13                                                                                                                                                                                                                                                     
  19     13                                                                                                                                                                                                                                                     
  20     13                                                                                                                                                                                                                                                     
  21     13                                                                                                                                                                                                                                                     
  22     12                                                                                                                                                                                                                                                     
  23     12                                                                                                                                                                                                                                                     
  24     12                                                                                                                                                                                                                                                     
  25     13                                                                                                                                                                                                                                                     
  26     13                                                                                                                                                                                                                                                     
  27     14                                                                                                                                                                                                                                                     
  28     15                                                                                                                                                                                                                                                     
  29     17                                                                                                                                                                                                                                                     
  30     20                                                                                                                                                                                                                                                     
  31     28                                                                                                                                                                                                                                                     
  32     75                                                                                                                                                                                                                                                     
