NCR SEM TN GSTDZALL Final Content:MA Level:21 Form:G Other:CB (18SEP07)                                                                                                                                                                                         
   0    141                                                                                                                                                                                                                                                     
   1    141                                                                                                                                                                                                                                                     
   2    141                                                                                                                                                                                                                                                     
   3    141                                                                                                                                                                                                                                                     
   4    141                                                                                                                                                                                                                                                     
   5    141                                                                                                                                                                                                                                                     
   6    141                                                                                                                                                                                                                                                     
   7    141                                                                                                                                                                                                                                                     
   8    141                                                                                                                                                                                                                                                     
   9    141                                                                                                                                                                                                                                                     
  10    101                                                                                                                                                                                                                                                     
  11     53                                                                                                                                                                                                                                                     
  12     36                                                                                                                                                                                                                                                     
  13     27                                                                                                                                                                                                                                                     
  14     21                                                                                                                                                                                                                                                     
  15     18                                                                                                                                                                                                                                                     
  16     16                                                                                                                                                                                                                                                     
  17     15                                                                                                                                                                                                                                                     
  18     13                                                                                                                                                                                                                                                     
  19     13                                                                                                                                                                                                                                                     
  20     12                                                                                                                                                                                                                                                     
  21     11                                                                                                                                                                                                                                                     
  22     11                                                                                                                                                                                                                                                     
  23     10                                                                                                                                                                                                                                                     
  24     10                                                                                                                                                                                                                                                     
  25     10                                                                                                                                                                                                                                                     
  26      9                                                                                                                                                                                                                                                     
  27      9                                                                                                                                                                                                                                                     
  28      9                                                                                                                                                                                                                                                     
  29      9                                                                                                                                                                                                                                                     
  30      8                                                                                                                                                                                                                                                     
  31      8                                                                                                                                                                                                                                                     
  32      8                                                                                                                                                                                                                                                     
  33      8                                                                                                                                                                                                                                                     
  34      8                                                                                                                                                                                                                                                     
  35      8                                                                                                                                                                                                                                                     
  36      8                                                                                                                                                                                                                                                     
  37      8                                                                                                                                                                                                                                                     
  38      8                                                                                                                                                                                                                                                     
  39      8                                                                                                                                                                                                                                                     
  40      9                                                                                                                                                                                                                                                     
  41      9                                                                                                                                                                                                                                                     
  42     10                                                                                                                                                                                                                                                     
  43     12                                                                                                                                                                                                                                                     
  44     15                                                                                                                                                                                                                                                     
  45     23                                                                                                                                                                                                                                                     
  46    123                                                                                                                                                                                                                                                     
