NCR SEM TN GSTDZALL Final Content:MA Level:16 Form:G Other:SV (18SEP07)                                                                                                                                                                                         
   0    159                                                                                                                                                                                                                                                     
   1    159                                                                                                                                                                                                                                                     
   2    159                                                                                                                                                                                                                                                     
   3    159                                                                                                                                                                                                                                                     
   4    159                                                                                                                                                                                                                                                     
   5    159                                                                                                                                                                                                                                                     
   6    124                                                                                                                                                                                                                                                     
   7     62                                                                                                                                                                                                                                                     
   8     40                                                                                                                                                                                                                                                     
   9     30                                                                                                                                                                                                                                                     
  10     24                                                                                                                                                                                                                                                     
  11     21                                                                                                                                                                                                                                                     
  12     19                                                                                                                                                                                                                                                     
  13     17                                                                                                                                                                                                                                                     
  14     16                                                                                                                                                                                                                                                     
  15     15                                                                                                                                                                                                                                                     
  16     15                                                                                                                                                                                                                                                     
  17     14                                                                                                                                                                                                                                                     
  18     14                                                                                                                                                                                                                                                     
  19     13                                                                                                                                                                                                                                                     
  20     13                                                                                                                                                                                                                                                     
  21     13                                                                                                                                                                                                                                                     
  22     12                                                                                                                                                                                                                                                     
  23     12                                                                                                                                                                                                                                                     
  24     13                                                                                                                                                                                                                                                     
  25     13                                                                                                                                                                                                                                                     
  26     14                                                                                                                                                                                                                                                     
  27     15                                                                                                                                                                                                                                                     
  28     18                                                                                                                                                                                                                                                     
  29     24                                                                                                                                                                                                                                                     
  30     42                                                                                                                                                                                                                                                     
  31     78                                                                                                                                                                                                                                                     
