NCR SEM TN GSTDZALL Final Content:MA Level:20 Form:G Other:CB (18SEP07)                                                                                                                                                                                         
   0    165                                                                                                                                                                                                                                                     
   1    165                                                                                                                                                                                                                                                     
   2    165                                                                                                                                                                                                                                                     
   3    165                                                                                                                                                                                                                                                     
   4    165                                                                                                                                                                                                                                                     
   5    165                                                                                                                                                                                                                                                     
   6    165                                                                                                                                                                                                                                                     
   7    165                                                                                                                                                                                                                                                     
   8    165                                                                                                                                                                                                                                                     
   9    165                                                                                                                                                                                                                                                     
  10     82                                                                                                                                                                                                                                                     
  11     53                                                                                                                                                                                                                                                     
  12     38                                                                                                                                                                                                                                                     
  13     29                                                                                                                                                                                                                                                     
  14     24                                                                                                                                                                                                                                                     
  15     20                                                                                                                                                                                                                                                     
  16     18                                                                                                                                                                                                                                                     
  17     16                                                                                                                                                                                                                                                     
  18     15                                                                                                                                                                                                                                                     
  19     14                                                                                                                                                                                                                                                     
  20     13                                                                                                                                                                                                                                                     
  21     12                                                                                                                                                                                                                                                     
  22     11                                                                                                                                                                                                                                                     
  23     11                                                                                                                                                                                                                                                     
  24     11                                                                                                                                                                                                                                                     
  25     10                                                                                                                                                                                                                                                     
  26     10                                                                                                                                                                                                                                                     
  27     10                                                                                                                                                                                                                                                     
  28     10                                                                                                                                                                                                                                                     
  29     10                                                                                                                                                                                                                                                     
  30      9                                                                                                                                                                                                                                                     
  31      9                                                                                                                                                                                                                                                     
  32      9                                                                                                                                                                                                                                                     
  33      9                                                                                                                                                                                                                                                     
  34      9                                                                                                                                                                                                                                                     
  35      9                                                                                                                                                                                                                                                     
  36     10                                                                                                                                                                                                                                                     
  37     10                                                                                                                                                                                                                                                     
  38     10                                                                                                                                                                                                                                                     
  39     10                                                                                                                                                                                                                                                     
  40     11                                                                                                                                                                                                                                                     
  41     12                                                                                                                                                                                                                                                     
  42     14                                                                                                                                                                                                                                                     
  43     16                                                                                                                                                                                                                                                     
  44     20                                                                                                                                                                                                                                                     
  45     30                                                                                                                                                                                                                                                     
  46     85                                                                                                                                                                                                                                                     
