NCR SEM TN GSTDZALL Final Content:MA Level:19 Form:G Other:MA (18SEP07)                                                                                                                                                                                         
   0    145                                                                                                                                                                                                                                                     
   1    145                                                                                                                                                                                                                                                     
   2    145                                                                                                                                                                                                                                                     
   3    145                                                                                                                                                                                                                                                     
   4    145                                                                                                                                                                                                                                                     
   5    104                                                                                                                                                                                                                                                     
   6     56                                                                                                                                                                                                                                                     
   7     36                                                                                                                                                                                                                                                     
   8     28                                                                                                                                                                                                                                                     
   9     23                                                                                                                                                                                                                                                     
  10     20                                                                                                                                                                                                                                                     
  11     18                                                                                                                                                                                                                                                     
  12     17                                                                                                                                                                                                                                                     
  13     15                                                                                                                                                                                                                                                     
  14     14                                                                                                                                                                                                                                                     
  15     14                                                                                                                                                                                                                                                     
  16     13                                                                                                                                                                                                                                                     
  17     13                                                                                                                                                                                                                                                     
  18     12                                                                                                                                                                                                                                                     
  19     12                                                                                                                                                                                                                                                     
  20     11                                                                                                                                                                                                                                                     
  21     11                                                                                                                                                                                                                                                     
  22     11                                                                                                                                                                                                                                                     
  23     11                                                                                                                                                                                                                                                     
  24     10                                                                                                                                                                                                                                                     
  25     10                                                                                                                                                                                                                                                     
  26     10                                                                                                                                                                                                                                                     
  27     10                                                                                                                                                                                                                                                     
  28     10                                                                                                                                                                                                                                                     
  29     10                                                                                                                                                                                                                                                     
  30     10                                                                                                                                                                                                                                                     
  31     10                                                                                                                                                                                                                                                     
  32     10                                                                                                                                                                                                                                                     
  33     10                                                                                                                                                                                                                                                     
  34     10                                                                                                                                                                                                                                                     
  35     10                                                                                                                                                                                                                                                     
  36     10                                                                                                                                                                                                                                                     
  37     10                                                                                                                                                                                                                                                     
  38     10                                                                                                                                                                                                                                                     
  39     10                                                                                                                                                                                                                                                     
  40     11                                                                                                                                                                                                                                                     
  41     11                                                                                                                                                                                                                                                     
  42     11                                                                                                                                                                                                                                                     
  43     12                                                                                                                                                                                                                                                     
  44     12                                                                                                                                                                                                                                                     
  45     13                                                                                                                                                                                                                                                     
  46     14                                                                                                                                                                                                                                                     
  47     16                                                                                                                                                                                                                                                     
  48     18                                                                                                                                                                                                                                                     
  49     21                                                                                                                                                                                                                                                     
  50     27                                                                                                                                                                                                                                                     
  51     41                                                                                                                                                                                                                                                     
  52     62                                                                                                                                                                                                                                                     
