NCR SEM TN GSTDZALL Final Content:MA Level:14 Form:G Other:MA (18SEP07)                                                                                                                                                                                         
   0    164                                                                                                                                                                                                                                                     
   1    164                                                                                                                                                                                                                                                     
   2    164                                                                                                                                                                                                                                                     
   3    164                                                                                                                                                                                                                                                     
   4    164                                                                                                                                                                                                                                                     
   5    164                                                                                                                                                                                                                                                     
   6    164                                                                                                                                                                                                                                                     
   7     85                                                                                                                                                                                                                                                     
   8     55                                                                                                                                                                                                                                                     
   9     39                                                                                                                                                                                                                                                     
  10     31                                                                                                                                                                                                                                                     
  11     26                                                                                                                                                                                                                                                     
  12     22                                                                                                                                                                                                                                                     
  13     20                                                                                                                                                                                                                                                     
  14     18                                                                                                                                                                                                                                                     
  15     17                                                                                                                                                                                                                                                     
  16     15                                                                                                                                                                                                                                                     
  17     15                                                                                                                                                                                                                                                     
  18     14                                                                                                                                                                                                                                                     
  19     13                                                                                                                                                                                                                                                     
  20     13                                                                                                                                                                                                                                                     
  21     12                                                                                                                                                                                                                                                     
  22     12                                                                                                                                                                                                                                                     
  23     11                                                                                                                                                                                                                                                     
  24     11                                                                                                                                                                                                                                                     
  25     11                                                                                                                                                                                                                                                     
  26     11                                                                                                                                                                                                                                                     
  27     10                                                                                                                                                                                                                                                     
  28     10                                                                                                                                                                                                                                                     
  29     10                                                                                                                                                                                                                                                     
  30     10                                                                                                                                                                                                                                                     
  31     10                                                                                                                                                                                                                                                     
  32     10                                                                                                                                                                                                                                                     
  33     10                                                                                                                                                                                                                                                     
  34     10                                                                                                                                                                                                                                                     
  35     10                                                                                                                                                                                                                                                     
  36     10                                                                                                                                                                                                                                                     
  37     10                                                                                                                                                                                                                                                     
  38     10                                                                                                                                                                                                                                                     
  39     10                                                                                                                                                                                                                                                     
  40     10                                                                                                                                                                                                                                                     
  41     10                                                                                                                                                                                                                                                     
  42     10                                                                                                                                                                                                                                                     
  43     10                                                                                                                                                                                                                                                     
  44     10                                                                                                                                                                                                                                                     
  45     10                                                                                                                                                                                                                                                     
  46     11                                                                                                                                                                                                                                                     
  47     11                                                                                                                                                                                                                                                     
  48     11                                                                                                                                                                                                                                                     
  49     12                                                                                                                                                                                                                                                     
  50     12                                                                                                                                                                                                                                                     
  51     13                                                                                                                                                                                                                                                     
  52     14                                                                                                                                                                                                                                                     
  53     15                                                                                                                                                                                                                                                     
  54     17                                                                                                                                                                                                                                                     
  55     20                                                                                                                                                                                                                                                     
  56     26                                                                                                                                                                                                                                                     
  57     39                                                                                                                                                                                                                                                     
  58     40                                                                                                                                                                                                                                                     
