NCR SEM TN GSTDZALL Final Content:MA Level:15 Form:G Other:MA (18SEP07)                                                                                                                                                                                         
   0    160                                                                                                                                                                                                                                                     
   1    160                                                                                                                                                                                                                                                     
   2    160                                                                                                                                                                                                                                                     
   3    160                                                                                                                                                                                                                                                     
   4    160                                                                                                                                                                                                                                                     
   5    160                                                                                                                                                                                                                                                     
   6    160                                                                                                                                                                                                                                                     
   7     75                                                                                                                                                                                                                                                     
   8     48                                                                                                                                                                                                                                                     
   9     34                                                                                                                                                                                                                                                     
  10     27                                                                                                                                                                                                                                                     
  11     23                                                                                                                                                                                                                                                     
  12     20                                                                                                                                                                                                                                                     
  13     18                                                                                                                                                                                                                                                     
  14     16                                                                                                                                                                                                                                                     
  15     15                                                                                                                                                                                                                                                     
  16     14                                                                                                                                                                                                                                                     
  17     14                                                                                                                                                                                                                                                     
  18     13                                                                                                                                                                                                                                                     
  19     12                                                                                                                                                                                                                                                     
  20     12                                                                                                                                                                                                                                                     
  21     12                                                                                                                                                                                                                                                     
  22     11                                                                                                                                                                                                                                                     
  23     11                                                                                                                                                                                                                                                     
  24     11                                                                                                                                                                                                                                                     
  25     11                                                                                                                                                                                                                                                     
  26     11                                                                                                                                                                                                                                                     
  27     10                                                                                                                                                                                                                                                     
  28     10                                                                                                                                                                                                                                                     
  29     10                                                                                                                                                                                                                                                     
  30     10                                                                                                                                                                                                                                                     
  31     10                                                                                                                                                                                                                                                     
  32     10                                                                                                                                                                                                                                                     
  33     10                                                                                                                                                                                                                                                     
  34     10                                                                                                                                                                                                                                                     
  35     10                                                                                                                                                                                                                                                     
  36     10                                                                                                                                                                                                                                                     
  37     10                                                                                                                                                                                                                                                     
  38     10                                                                                                                                                                                                                                                     
  39     10                                                                                                                                                                                                                                                     
  40     10                                                                                                                                                                                                                                                     
  41     10                                                                                                                                                                                                                                                     
  42     10                                                                                                                                                                                                                                                     
  43     11                                                                                                                                                                                                                                                     
  44     11                                                                                                                                                                                                                                                     
  45     11                                                                                                                                                                                                                                                     
  46     12                                                                                                                                                                                                                                                     
  47     12                                                                                                                                                                                                                                                     
  48     13                                                                                                                                                                                                                                                     
  49     13                                                                                                                                                                                                                                                     
  50     14                                                                                                                                                                                                                                                     
  51     15                                                                                                                                                                                                                                                     
  52     17                                                                                                                                                                                                                                                     
  53     19                                                                                                                                                                                                                                                     
  54     22                                                                                                                                                                                                                                                     
  55     27                                                                                                                                                                                                                                                     
  56     41                                                                                                                                                                                                                                                     
  57     44                                                                                                                                                                                                                                                     
