NCR SEM TN GSTDZALL Final Content:MA Level:15 Form:G Other:CB (18SEP07)                                                                                                                                                                                         
   0    177                                                                                                                                                                                                                                                     
   1    177                                                                                                                                                                                                                                                     
   2    177                                                                                                                                                                                                                                                     
   3    177                                                                                                                                                                                                                                                     
   4    177                                                                                                                                                                                                                                                     
   5    177                                                                                                                                                                                                                                                     
   6    177                                                                                                                                                                                                                                                     
   7    177                                                                                                                                                                                                                                                     
   8    177                                                                                                                                                                                                                                                     
   9    177                                                                                                                                                                                                                                                     
  10    177                                                                                                                                                                                                                                                     
  11    177                                                                                                                                                                                                                                                     
  12     74                                                                                                                                                                                                                                                     
  13     50                                                                                                                                                                                                                                                     
  14     36                                                                                                                                                                                                                                                     
  15     28                                                                                                                                                                                                                                                     
  16     23                                                                                                                                                                                                                                                     
  17     20                                                                                                                                                                                                                                                     
  18     17                                                                                                                                                                                                                                                     
  19     16                                                                                                                                                                                                                                                     
  20     14                                                                                                                                                                                                                                                     
  21     13                                                                                                                                                                                                                                                     
  22     13                                                                                                                                                                                                                                                     
  23     12                                                                                                                                                                                                                                                     
  24     11                                                                                                                                                                                                                                                     
  25     11                                                                                                                                                                                                                                                     
  26     11                                                                                                                                                                                                                                                     
  27     10                                                                                                                                                                                                                                                     
  28     10                                                                                                                                                                                                                                                     
  29     10                                                                                                                                                                                                                                                     
  30     10                                                                                                                                                                                                                                                     
  31      9                                                                                                                                                                                                                                                     
  32      9                                                                                                                                                                                                                                                     
  33      9                                                                                                                                                                                                                                                     
  34      9                                                                                                                                                                                                                                                     
  35      9                                                                                                                                                                                                                                                     
  36      9                                                                                                                                                                                                                                                     
  37      9                                                                                                                                                                                                                                                     
  38      9                                                                                                                                                                                                                                                     
  39      9                                                                                                                                                                                                                                                     
  40      9                                                                                                                                                                                                                                                     
  41      9                                                                                                                                                                                                                                                     
  42      9                                                                                                                                                                                                                                                     
  43      9                                                                                                                                                                                                                                                     
  44      9                                                                                                                                                                                                                                                     
  45      9                                                                                                                                                                                                                                                     
  46      9                                                                                                                                                                                                                                                     
  47      9                                                                                                                                                                                                                                                     
  48     10                                                                                                                                                                                                                                                     
  49     10                                                                                                                                                                                                                                                     
  50     10                                                                                                                                                                                                                                                     
  51     11                                                                                                                                                                                                                                                     
  52     12                                                                                                                                                                                                                                                     
  53     13                                                                                                                                                                                                                                                     
  54     16                                                                                                                                                                                                                                                     
  55     20                                                                                                                                                                                                                                                     
  56     32                                                                                                                                                                                                                                                     
  57     60                                                                                                                                                                                                                                                     
