NCR SEM TN GSTDZALL Final Content:MA Level:17 Form:G Other:MA (18SEP07)                                                                                                                                                                                         
   0    151                                                                                                                                                                                                                                                     
   1    151                                                                                                                                                                                                                                                     
   2    151                                                                                                                                                                                                                                                     
   3    151                                                                                                                                                                                                                                                     
   4    151                                                                                                                                                                                                                                                     
   5    151                                                                                                                                                                                                                                                     
   6    151                                                                                                                                                                                                                                                     
   7     78                                                                                                                                                                                                                                                     
   8     48                                                                                                                                                                                                                                                     
   9     33                                                                                                                                                                                                                                                     
  10     25                                                                                                                                                                                                                                                     
  11     21                                                                                                                                                                                                                                                     
  12     19                                                                                                                                                                                                                                                     
  13     17                                                                                                                                                                                                                                                     
  14     15                                                                                                                                                                                                                                                     
  15     14                                                                                                                                                                                                                                                     
  16     14                                                                                                                                                                                                                                                     
  17     13                                                                                                                                                                                                                                                     
  18     12                                                                                                                                                                                                                                                     
  19     12                                                                                                                                                                                                                                                     
  20     11                                                                                                                                                                                                                                                     
  21     11                                                                                                                                                                                                                                                     
  22     11                                                                                                                                                                                                                                                     
  23     10                                                                                                                                                                                                                                                     
  24     10                                                                                                                                                                                                                                                     
  25     10                                                                                                                                                                                                                                                     
  26     10                                                                                                                                                                                                                                                     
  27     10                                                                                                                                                                                                                                                     
  28      9                                                                                                                                                                                                                                                     
  29      9                                                                                                                                                                                                                                                     
  30      9                                                                                                                                                                                                                                                     
  31      9                                                                                                                                                                                                                                                     
  32      9                                                                                                                                                                                                                                                     
  33      9                                                                                                                                                                                                                                                     
  34      9                                                                                                                                                                                                                                                     
  35      9                                                                                                                                                                                                                                                     
  36      9                                                                                                                                                                                                                                                     
  37      9                                                                                                                                                                                                                                                     
  38      9                                                                                                                                                                                                                                                     
  39      9                                                                                                                                                                                                                                                     
  40      9                                                                                                                                                                                                                                                     
  41      9                                                                                                                                                                                                                                                     
  42      9                                                                                                                                                                                                                                                     
  43     10                                                                                                                                                                                                                                                     
  44     10                                                                                                                                                                                                                                                     
  45     10                                                                                                                                                                                                                                                     
  46     11                                                                                                                                                                                                                                                     
  47     12                                                                                                                                                                                                                                                     
  48     13                                                                                                                                                                                                                                                     
  49     14                                                                                                                                                                                                                                                     
  50     15                                                                                                                                                                                                                                                     
  51     17                                                                                                                                                                                                                                                     
  52     20                                                                                                                                                                                                                                                     
  53     25                                                                                                                                                                                                                                                     
  54     37                                                                                                                                                                                                                                                     
  55     61                                                                                                                                                                                                                                                     
