NCR SEM TN GSTDZALL Final Content:MA Level:19 Form:G Other:CB (18SEP07)                                                                                                                                                                                         
   0    165                                                                                                                                                                                                                                                     
   1    165                                                                                                                                                                                                                                                     
   2    165                                                                                                                                                                                                                                                     
   3    165                                                                                                                                                                                                                                                     
   4    165                                                                                                                                                                                                                                                     
   5    165                                                                                                                                                                                                                                                     
   6    165                                                                                                                                                                                                                                                     
   7    165                                                                                                                                                                                                                                                     
   8    165                                                                                                                                                                                                                                                     
   9    165                                                                                                                                                                                                                                                     
  10     81                                                                                                                                                                                                                                                     
  11     53                                                                                                                                                                                                                                                     
  12     37                                                                                                                                                                                                                                                     
  13     28                                                                                                                                                                                                                                                     
  14     23                                                                                                                                                                                                                                                     
  15     20                                                                                                                                                                                                                                                     
  16     18                                                                                                                                                                                                                                                     
  17     17                                                                                                                                                                                                                                                     
  18     15                                                                                                                                                                                                                                                     
  19     14                                                                                                                                                                                                                                                     
  20     14                                                                                                                                                                                                                                                     
  21     13                                                                                                                                                                                                                                                     
  22     13                                                                                                                                                                                                                                                     
  23     12                                                                                                                                                                                                                                                     
  24     12                                                                                                                                                                                                                                                     
  25     12                                                                                                                                                                                                                                                     
  26     11                                                                                                                                                                                                                                                     
  27     11                                                                                                                                                                                                                                                     
  28     11                                                                                                                                                                                                                                                     
  29     11                                                                                                                                                                                                                                                     
  30     11                                                                                                                                                                                                                                                     
  31     11                                                                                                                                                                                                                                                     
  32     11                                                                                                                                                                                                                                                     
  33     11                                                                                                                                                                                                                                                     
  34     11                                                                                                                                                                                                                                                     
  35     11                                                                                                                                                                                                                                                     
  36     11                                                                                                                                                                                                                                                     
  37     11                                                                                                                                                                                                                                                     
  38     11                                                                                                                                                                                                                                                     
  39     12                                                                                                                                                                                                                                                     
  40     13                                                                                                                                                                                                                                                     
  41     14                                                                                                                                                                                                                                                     
  42     16                                                                                                                                                                                                                                                     
  43     19                                                                                                                                                                                                                                                     
  44     25                                                                                                                                                                                                                                                     
  45     39                                                                                                                                                                                                                                                     
  46     69                                                                                                                                                                                                                                                     
