NCR SEM TN GSTDZALL Final Content:MA Level:12 Form:G Other:CB (18SEP07)                                                                                                                                                                                         
   0    131                                                                                                                                                                                                                                                     
   1    131                                                                                                                                                                                                                                                     
   2    131                                                                                                                                                                                                                                                     
   3    131                                                                                                                                                                                                                                                     
   4    131                                                                                                                                                                                                                                                     
   5    131                                                                                                                                                                                                                                                     
   6    131                                                                                                                                                                                                                                                     
   7    131                                                                                                                                                                                                                                                     
   8    131                                                                                                                                                                                                                                                     
   9    131                                                                                                                                                                                                                                                     
  10    131                                                                                                                                                                                                                                                     
  11     79                                                                                                                                                                                                                                                     
  12     55                                                                                                                                                                                                                                                     
  13     40                                                                                                                                                                                                                                                     
  14     32                                                                                                                                                                                                                                                     
  15     27                                                                                                                                                                                                                                                     
  16     24                                                                                                                                                                                                                                                     
  17     22                                                                                                                                                                                                                                                     
  18     20                                                                                                                                                                                                                                                     
  19     19                                                                                                                                                                                                                                                     
  20     18                                                                                                                                                                                                                                                     
  21     17                                                                                                                                                                                                                                                     
  22     16                                                                                                                                                                                                                                                     
  23     15                                                                                                                                                                                                                                                     
  24     14                                                                                                                                                                                                                                                     
  25     14                                                                                                                                                                                                                                                     
  26     13                                                                                                                                                                                                                                                     
  27     13                                                                                                                                                                                                                                                     
  28     12                                                                                                                                                                                                                                                     
  29     12                                                                                                                                                                                                                                                     
  30     12                                                                                                                                                                                                                                                     
  31     11                                                                                                                                                                                                                                                     
  32     11                                                                                                                                                                                                                                                     
  33     11                                                                                                                                                                                                                                                     
  34     11                                                                                                                                                                                                                                                     
  35     11                                                                                                                                                                                                                                                     
  36     11                                                                                                                                                                                                                                                     
  37     11                                                                                                                                                                                                                                                     
  38     11                                                                                                                                                                                                                                                     
  39     12                                                                                                                                                                                                                                                     
  40     12                                                                                                                                                                                                                                                     
  41     13                                                                                                                                                                                                                                                     
  42     14                                                                                                                                                                                                                                                     
  43     15                                                                                                                                                                                                                                                     
  44     17                                                                                                                                                                                                                                                     
  45     22                                                                                                                                                                                                                                                     
  46     36                                                                                                                                                                                                                                                     
  47    106                                                                                                                                                                                                                                                     
