NCR SEM TN GSTDZALL Final Content:MA Level:18 Form:G Other:SV (18SEP07)                                                                                                                                                                                         
   0    157                                                                                                                                                                                                                                                     
   1    157                                                                                                                                                                                                                                                     
   2    157                                                                                                                                                                                                                                                     
   3    157                                                                                                                                                                                                                                                     
   4    157                                                                                                                                                                                                                                                     
   5    157                                                                                                                                                                                                                                                     
   6    109                                                                                                                                                                                                                                                     
   7     55                                                                                                                                                                                                                                                     
   8     36                                                                                                                                                                                                                                                     
   9     27                                                                                                                                                                                                                                                     
  10     23                                                                                                                                                                                                                                                     
  11     20                                                                                                                                                                                                                                                     
  12     18                                                                                                                                                                                                                                                     
  13     17                                                                                                                                                                                                                                                     
  14     16                                                                                                                                                                                                                                                     
  15     15                                                                                                                                                                                                                                                     
  16     15                                                                                                                                                                                                                                                     
  17     14                                                                                                                                                                                                                                                     
  18     14                                                                                                                                                                                                                                                     
  19     13                                                                                                                                                                                                                                                     
  20     13                                                                                                                                                                                                                                                     
  21     13                                                                                                                                                                                                                                                     
  22     13                                                                                                                                                                                                                                                     
  23     13                                                                                                                                                                                                                                                     
  24     13                                                                                                                                                                                                                                                     
  25     13                                                                                                                                                                                                                                                     
  26     13                                                                                                                                                                                                                                                     
  27     14                                                                                                                                                                                                                                                     
  28     16                                                                                                                                                                                                                                                     
  29     19                                                                                                                                                                                                                                                     
  30     30                                                                                                                                                                                                                                                     
  31    107                                                                                                                                                                                                                                                     
