NCR SEM TN GSTDZALL Final Content:MA Level:13 Form:G Other:MA (18SEP07)                                                                                                                                                                                         
   0    152                                                                                                                                                                                                                                                     
   1    152                                                                                                                                                                                                                                                     
   2    152                                                                                                                                                                                                                                                     
   3    152                                                                                                                                                                                                                                                     
   4    152                                                                                                                                                                                                                                                     
   5    152                                                                                                                                                                                                                                                     
   6    140                                                                                                                                                                                                                                                     
   7     70                                                                                                                                                                                                                                                     
   8     45                                                                                                                                                                                                                                                     
   9     32                                                                                                                                                                                                                                                     
  10     26                                                                                                                                                                                                                                                     
  11     22                                                                                                                                                                                                                                                     
  12     19                                                                                                                                                                                                                                                     
  13     17                                                                                                                                                                                                                                                     
  14     16                                                                                                                                                                                                                                                     
  15     15                                                                                                                                                                                                                                                     
  16     14                                                                                                                                                                                                                                                     
  17     13                                                                                                                                                                                                                                                     
  18     13                                                                                                                                                                                                                                                     
  19     12                                                                                                                                                                                                                                                     
  20     12                                                                                                                                                                                                                                                     
  21     11                                                                                                                                                                                                                                                     
  22     11                                                                                                                                                                                                                                                     
  23     11                                                                                                                                                                                                                                                     
  24     11                                                                                                                                                                                                                                                     
  25     10                                                                                                                                                                                                                                                     
  26     10                                                                                                                                                                                                                                                     
  27     10                                                                                                                                                                                                                                                     
  28     10                                                                                                                                                                                                                                                     
  29     10                                                                                                                                                                                                                                                     
  30     10                                                                                                                                                                                                                                                     
  31     10                                                                                                                                                                                                                                                     
  32     10                                                                                                                                                                                                                                                     
  33     10                                                                                                                                                                                                                                                     
  34     10                                                                                                                                                                                                                                                     
  35     10                                                                                                                                                                                                                                                     
  36     10                                                                                                                                                                                                                                                     
  37     10                                                                                                                                                                                                                                                     
  38     10                                                                                                                                                                                                                                                     
  39     11                                                                                                                                                                                                                                                     
  40     11                                                                                                                                                                                                                                                     
  41     11                                                                                                                                                                                                                                                     
  42     12                                                                                                                                                                                                                                                     
  43     13                                                                                                                                                                                                                                                     
  44     14                                                                                                                                                                                                                                                     
  45     15                                                                                                                                                                                                                                                     
  46     17                                                                                                                                                                                                                                                     
  47     19                                                                                                                                                                                                                                                     
  48     24                                                                                                                                                                                                                                                     
  49     37                                                                                                                                                                                                                                                     
  50     62                                                                                                                                                                                                                                                     
