NCR SEM TN GSTDZALL Final Content:MA Level:17 Form:G Other:SV (18SEP07)                                                                                                                                                                                         
   0    165                                                                                                                                                                                                                                                     
   1    165                                                                                                                                                                                                                                                     
   2    165                                                                                                                                                                                                                                                     
   3    165                                                                                                                                                                                                                                                     
   4    165                                                                                                                                                                                                                                                     
   5    165                                                                                                                                                                                                                                                     
   6    165                                                                                                                                                                                                                                                     
   7     69                                                                                                                                                                                                                                                     
   8     43                                                                                                                                                                                                                                                     
   9     30                                                                                                                                                                                                                                                     
  10     24                                                                                                                                                                                                                                                     
  11     20                                                                                                                                                                                                                                                     
  12     18                                                                                                                                                                                                                                                     
  13     17                                                                                                                                                                                                                                                     
  14     16                                                                                                                                                                                                                                                     
  15     15                                                                                                                                                                                                                                                     
  16     14                                                                                                                                                                                                                                                     
  17     13                                                                                                                                                                                                                                                     
  18     13                                                                                                                                                                                                                                                     
  19     12                                                                                                                                                                                                                                                     
  20     12                                                                                                                                                                                                                                                     
  21     11                                                                                                                                                                                                                                                     
  22     11                                                                                                                                                                                                                                                     
  23     11                                                                                                                                                                                                                                                     
  24     11                                                                                                                                                                                                                                                     
  25     11                                                                                                                                                                                                                                                     
  26     11                                                                                                                                                                                                                                                     
  27     12                                                                                                                                                                                                                                                     
  28     13                                                                                                                                                                                                                                                     
  29     15                                                                                                                                                                                                                                                     
  30     19                                                                                                                                                                                                                                                     
  31     28                                                                                                                                                                                                                                                     
  32    100                                                                                                                                                                                                                                                     
