NCR SEM TN GSTDZALL Final Content:MA Level:16 Form:G Other:CB (18SEP07)                                                                                                                                                                                         
   0    156                                                                                                                                                                                                                                                     
   1    156                                                                                                                                                                                                                                                     
   2    156                                                                                                                                                                                                                                                     
   3    156                                                                                                                                                                                                                                                     
   4    156                                                                                                                                                                                                                                                     
   5    156                                                                                                                                                                                                                                                     
   6    156                                                                                                                                                                                                                                                     
   7    156                                                                                                                                                                                                                                                     
   8    156                                                                                                                                                                                                                                                     
   9    156                                                                                                                                                                                                                                                     
  10    156                                                                                                                                                                                                                                                     
  11    118                                                                                                                                                                                                                                                     
  12     68                                                                                                                                                                                                                                                     
  13     48                                                                                                                                                                                                                                                     
  14     35                                                                                                                                                                                                                                                     
  15     28                                                                                                                                                                                                                                                     
  16     23                                                                                                                                                                                                                                                     
  17     20                                                                                                                                                                                                                                                     
  18     18                                                                                                                                                                                                                                                     
  19     17                                                                                                                                                                                                                                                     
  20     15                                                                                                                                                                                                                                                     
  21     14                                                                                                                                                                                                                                                     
  22     14                                                                                                                                                                                                                                                     
  23     13                                                                                                                                                                                                                                                     
  24     12                                                                                                                                                                                                                                                     
  25     12                                                                                                                                                                                                                                                     
  26     11                                                                                                                                                                                                                                                     
  27     11                                                                                                                                                                                                                                                     
  28     10                                                                                                                                                                                                                                                     
  29     10                                                                                                                                                                                                                                                     
  30     10                                                                                                                                                                                                                                                     
  31     10                                                                                                                                                                                                                                                     
  32      9                                                                                                                                                                                                                                                     
  33      9                                                                                                                                                                                                                                                     
  34      9                                                                                                                                                                                                                                                     
  35      9                                                                                                                                                                                                                                                     
  36      8                                                                                                                                                                                                                                                     
  37      8                                                                                                                                                                                                                                                     
  38      8                                                                                                                                                                                                                                                     
  39      8                                                                                                                                                                                                                                                     
  40      8                                                                                                                                                                                                                                                     
  41      8                                                                                                                                                                                                                                                     
  42      8                                                                                                                                                                                                                                                     
  43      8                                                                                                                                                                                                                                                     
  44      9                                                                                                                                                                                                                                                     
  45      9                                                                                                                                                                                                                                                     
  46      9                                                                                                                                                                                                                                                     
  47     10                                                                                                                                                                                                                                                     
  48     10                                                                                                                                                                                                                                                     
  49     11                                                                                                                                                                                                                                                     
  50     12                                                                                                                                                                                                                                                     
  51     13                                                                                                                                                                                                                                                     
  52     15                                                                                                                                                                                                                                                     
  53     18                                                                                                                                                                                                                                                     
  54     25                                                                                                                                                                                                                                                     
  55     41                                                                                                                                                                                                                                                     
  56     58                                                                                                                                                                                                                                                     
