NCR SEM TN GSTDZALL Final Content:MA Level:12 Form:G Other:MA (18SEP07)                                                                                                                                                                                         
   0    115                                                                                                                                                                                                                                                     
   1    115                                                                                                                                                                                                                                                     
   2    115                                                                                                                                                                                                                                                     
   3    115                                                                                                                                                                                                                                                     
   4    115                                                                                                                                                                                                                                                     
   5    115                                                                                                                                                                                                                                                     
   6    115                                                                                                                                                                                                                                                     
   7     79                                                                                                                                                                                                                                                     
   8     53                                                                                                                                                                                                                                                     
   9     41                                                                                                                                                                                                                                                     
  10     34                                                                                                                                                                                                                                                     
  11     30                                                                                                                                                                                                                                                     
  12     27                                                                                                                                                                                                                                                     
  13     24                                                                                                                                                                                                                                                     
  14     23                                                                                                                                                                                                                                                     
  15     21                                                                                                                                                                                                                                                     
  16     20                                                                                                                                                                                                                                                     
  17     19                                                                                                                                                                                                                                                     
  18     18                                                                                                                                                                                                                                                     
  19     17                                                                                                                                                                                                                                                     
  20     17                                                                                                                                                                                                                                                     
  21     16                                                                                                                                                                                                                                                     
  22     15                                                                                                                                                                                                                                                     
  23     15                                                                                                                                                                                                                                                     
  24     14                                                                                                                                                                                                                                                     
  25     14                                                                                                                                                                                                                                                     
  26     14                                                                                                                                                                                                                                                     
  27     14                                                                                                                                                                                                                                                     
  28     13                                                                                                                                                                                                                                                     
  29     13                                                                                                                                                                                                                                                     
  30     13                                                                                                                                                                                                                                                     
  31     13                                                                                                                                                                                                                                                     
  32     13                                                                                                                                                                                                                                                     
  33     13                                                                                                                                                                                                                                                     
  34     13                                                                                                                                                                                                                                                     
  35     13                                                                                                                                                                                                                                                     
  36     13                                                                                                                                                                                                                                                     
  37     13                                                                                                                                                                                                                                                     
  38     14                                                                                                                                                                                                                                                     
  39     14                                                                                                                                                                                                                                                     
  40     15                                                                                                                                                                                                                                                     
  41     17                                                                                                                                                                                                                                                     
  42     18                                                                                                                                                                                                                                                     
  43     21                                                                                                                                                                                                                                                     
  44     27                                                                                                                                                                                                                                                     
  45     43                                                                                                                                                                                                                                                     
  46     85                                                                                                                                                                                                                                                     
