NCR SEM TN GSTDZALL Final Content:MA Level:18 Form:G Other:MA (18SEP07)                                                                                                                                                                                         
   0    140                                                                                                                                                                                                                                                     
   1    140                                                                                                                                                                                                                                                     
   2    140                                                                                                                                                                                                                                                     
   3    140                                                                                                                                                                                                                                                     
   4    140                                                                                                                                                                                                                                                     
   5    140                                                                                                                                                                                                                                                     
   6    125                                                                                                                                                                                                                                                     
   7     61                                                                                                                                                                                                                                                     
   8     40                                                                                                                                                                                                                                                     
   9     29                                                                                                                                                                                                                                                     
  10     24                                                                                                                                                                                                                                                     
  11     20                                                                                                                                                                                                                                                     
  12     18                                                                                                                                                                                                                                                     
  13     16                                                                                                                                                                                                                                                     
  14     15                                                                                                                                                                                                                                                     
  15     14                                                                                                                                                                                                                                                     
  16     14                                                                                                                                                                                                                                                     
  17     13                                                                                                                                                                                                                                                     
  18     13                                                                                                                                                                                                                                                     
  19     12                                                                                                                                                                                                                                                     
  20     12                                                                                                                                                                                                                                                     
  21     12                                                                                                                                                                                                                                                     
  22     11                                                                                                                                                                                                                                                     
  23     11                                                                                                                                                                                                                                                     
  24     11                                                                                                                                                                                                                                                     
  25     11                                                                                                                                                                                                                                                     
  26     11                                                                                                                                                                                                                                                     
  27     11                                                                                                                                                                                                                                                     
  28     10                                                                                                                                                                                                                                                     
  29     10                                                                                                                                                                                                                                                     
  30     10                                                                                                                                                                                                                                                     
  31     10                                                                                                                                                                                                                                                     
  32     10                                                                                                                                                                                                                                                     
  33     10                                                                                                                                                                                                                                                     
  34     10                                                                                                                                                                                                                                                     
  35     10                                                                                                                                                                                                                                                     
  36     10                                                                                                                                                                                                                                                     
  37     10                                                                                                                                                                                                                                                     
  38     10                                                                                                                                                                                                                                                     
  39     10                                                                                                                                                                                                                                                     
  40     11                                                                                                                                                                                                                                                     
  41     11                                                                                                                                                                                                                                                     
  42     11                                                                                                                                                                                                                                                     
  43     11                                                                                                                                                                                                                                                     
  44     12                                                                                                                                                                                                                                                     
  45     12                                                                                                                                                                                                                                                     
  46     13                                                                                                                                                                                                                                                     
  47     13                                                                                                                                                                                                                                                     
  48     15                                                                                                                                                                                                                                                     
  49     16                                                                                                                                                                                                                                                     
  50     19                                                                                                                                                                                                                                                     
  51     23                                                                                                                                                                                                                                                     
  52     30                                                                                                                                                                                                                                                     
  53     46                                                                                                                                                                                                                                                     
  54     73                                                                                                                                                                                                                                                     
