NCR SEM TN GSTDZALL Final Content:MA Level:21 Form:G Other:MA (18SEP07)                                                                                                                                                                                         
   0    136                                                                                                                                                                                                                                                     
   1    136                                                                                                                                                                                                                                                     
   2    136                                                                                                                                                                                                                                                     
   3    136                                                                                                                                                                                                                                                     
   4    136                                                                                                                                                                                                                                                     
   5    136                                                                                                                                                                                                                                                     
   6     69                                                                                                                                                                                                                                                     
   7     43                                                                                                                                                                                                                                                     
   8     29                                                                                                                                                                                                                                                     
   9     23                                                                                                                                                                                                                                                     
  10     19                                                                                                                                                                                                                                                     
  11     17                                                                                                                                                                                                                                                     
  12     15                                                                                                                                                                                                                                                     
  13     14                                                                                                                                                                                                                                                     
  14     13                                                                                                                                                                                                                                                     
  15     12                                                                                                                                                                                                                                                     
  16     12                                                                                                                                                                                                                                                     
  17     11                                                                                                                                                                                                                                                     
  18     11                                                                                                                                                                                                                                                     
  19     10                                                                                                                                                                                                                                                     
  20     10                                                                                                                                                                                                                                                     
  21     10                                                                                                                                                                                                                                                     
  22     10                                                                                                                                                                                                                                                     
  23      9                                                                                                                                                                                                                                                     
  24      9                                                                                                                                                                                                                                                     
  25      9                                                                                                                                                                                                                                                     
  26      9                                                                                                                                                                                                                                                     
  27      9                                                                                                                                                                                                                                                     
  28      9                                                                                                                                                                                                                                                     
  29      9                                                                                                                                                                                                                                                     
  30      8                                                                                                                                                                                                                                                     
  31      8                                                                                                                                                                                                                                                     
  32      8                                                                                                                                                                                                                                                     
  33      8                                                                                                                                                                                                                                                     
  34      8                                                                                                                                                                                                                                                     
  35      8                                                                                                                                                                                                                                                     
  36      8                                                                                                                                                                                                                                                     
  37      8                                                                                                                                                                                                                                                     
  38      8                                                                                                                                                                                                                                                     
  39      9                                                                                                                                                                                                                                                     
  40      9                                                                                                                                                                                                                                                     
  41      9                                                                                                                                                                                                                                                     
  42      9                                                                                                                                                                                                                                                     
  43      9                                                                                                                                                                                                                                                     
  44     10                                                                                                                                                                                                                                                     
  45     10                                                                                                                                                                                                                                                     
  46     11                                                                                                                                                                                                                                                     
  47     12                                                                                                                                                                                                                                                     
  48     13                                                                                                                                                                                                                                                     
  49     14                                                                                                                                                                                                                                                     
  50     17                                                                                                                                                                                                                                                     
  51     20                                                                                                                                                                                                                                                     
  52     26                                                                                                                                                                                                                                                     
  53     41                                                                                                                                                                                                                                                     
  54     88                                                                                                                                                                                                                                                     
