NCR SEM TN GSTDZALL Final Content:MA Level:11 Form:G Other:CB (18SEP07)                                                                                                                                                                                         
   0    115                                                                                                                                                                                                                                                     
   1    115                                                                                                                                                                                                                                                     
   2    115                                                                                                                                                                                                                                                     
   3    115                                                                                                                                                                                                                                                     
   4    115                                                                                                                                                                                                                                                     
   5    115                                                                                                                                                                                                                                                     
   6    115                                                                                                                                                                                                                                                     
   7    115                                                                                                                                                                                                                                                     
   8    115                                                                                                                                                                                                                                                     
   9    115                                                                                                                                                                                                                                                     
  10     72                                                                                                                                                                                                                                                     
  11     49                                                                                                                                                                                                                                                     
  12     37                                                                                                                                                                                                                                                     
  13     30                                                                                                                                                                                                                                                     
  14     25                                                                                                                                                                                                                                                     
  15     22                                                                                                                                                                                                                                                     
  16     20                                                                                                                                                                                                                                                     
  17     18                                                                                                                                                                                                                                                     
  18     17                                                                                                                                                                                                                                                     
  19     16                                                                                                                                                                                                                                                     
  20     15                                                                                                                                                                                                                                                     
  21     15                                                                                                                                                                                                                                                     
  22     14                                                                                                                                                                                                                                                     
  23     14                                                                                                                                                                                                                                                     
  24     13                                                                                                                                                                                                                                                     
  25     13                                                                                                                                                                                                                                                     
  26     13                                                                                                                                                                                                                                                     
  27     13                                                                                                                                                                                                                                                     
  28     13                                                                                                                                                                                                                                                     
  29     13                                                                                                                                                                                                                                                     
  30     12                                                                                                                                                                                                                                                     
  31     12                                                                                                                                                                                                                                                     
  32     12                                                                                                                                                                                                                                                     
  33     12                                                                                                                                                                                                                                                     
  34     12                                                                                                                                                                                                                                                     
  35     12                                                                                                                                                                                                                                                     
  36     12                                                                                                                                                                                                                                                     
  37     12                                                                                                                                                                                                                                                     
  38     12                                                                                                                                                                                                                                                     
  39     12                                                                                                                                                                                                                                                     
  40     13                                                                                                                                                                                                                                                     
  41     13                                                                                                                                                                                                                                                     
  42     14                                                                                                                                                                                                                                                     
  43     16                                                                                                                                                                                                                                                     
  44     19                                                                                                                                                                                                                                                     
  45     25                                                                                                                                                                                                                                                     
  46     41                                                                                                                                                                                                                                                     
  47     95                                                                                                                                                                                                                                                     
