NCR SEM TN GSTDZALL Final Content:MA Level:12 Form:G Other:SV (18SEP07)                                                                                                                                                                                         
   0    150                                                                                                                                                                                                                                                     
   1    150                                                                                                                                                                                                                                                     
   2    150                                                                                                                                                                                                                                                     
   3    150                                                                                                                                                                                                                                                     
   4    150                                                                                                                                                                                                                                                     
   5    150                                                                                                                                                                                                                                                     
   6    116                                                                                                                                                                                                                                                     
   7     67                                                                                                                                                                                                                                                     
   8     43                                                                                                                                                                                                                                                     
   9     33                                                                                                                                                                                                                                                     
  10     28                                                                                                                                                                                                                                                     
  11     25                                                                                                                                                                                                                                                     
  12     22                                                                                                                                                                                                                                                     
  13     20                                                                                                                                                                                                                                                     
  14     19                                                                                                                                                                                                                                                     
  15     18                                                                                                                                                                                                                                                     
  16     17                                                                                                                                                                                                                                                     
  17     16                                                                                                                                                                                                                                                     
  18     16                                                                                                                                                                                                                                                     
  19     15                                                                                                                                                                                                                                                     
  20     15                                                                                                                                                                                                                                                     
  21     16                                                                                                                                                                                                                                                     
  22     17                                                                                                                                                                                                                                                     
  23     19                                                                                                                                                                                                                                                     
  24     23                                                                                                                                                                                                                                                     
  25     36                                                                                                                                                                                                                                                     
  26    121                                                                                                                                                                                                                                                     
