NCR SEM TN GSTDZALL Final Content:MA Level:18 Form:G Other:CB (18SEP07)                                                                                                                                                                                         
   0    153                                                                                                                                                                                                                                                     
   1    153                                                                                                                                                                                                                                                     
   2    153                                                                                                                                                                                                                                                     
   3    153                                                                                                                                                                                                                                                     
   4    153                                                                                                                                                                                                                                                     
   5    153                                                                                                                                                                                                                                                     
   6    153                                                                                                                                                                                                                                                     
   7    153                                                                                                                                                                                                                                                     
   8    153                                                                                                                                                                                                                                                     
   9    153                                                                                                                                                                                                                                                     
  10    153                                                                                                                                                                                                                                                     
  11    153                                                                                                                                                                                                                                                     
  12     80                                                                                                                                                                                                                                                     
  13     52                                                                                                                                                                                                                                                     
  14     38                                                                                                                                                                                                                                                     
  15     29                                                                                                                                                                                                                                                     
  16     24                                                                                                                                                                                                                                                     
  17     21                                                                                                                                                                                                                                                     
  18     18                                                                                                                                                                                                                                                     
  19     17                                                                                                                                                                                                                                                     
  20     16                                                                                                                                                                                                                                                     
  21     15                                                                                                                                                                                                                                                     
  22     14                                                                                                                                                                                                                                                     
  23     13                                                                                                                                                                                                                                                     
  24     12                                                                                                                                                                                                                                                     
  25     12                                                                                                                                                                                                                                                     
  26     12                                                                                                                                                                                                                                                     
  27     11                                                                                                                                                                                                                                                     
  28     11                                                                                                                                                                                                                                                     
  29     11                                                                                                                                                                                                                                                     
  30     10                                                                                                                                                                                                                                                     
  31     10                                                                                                                                                                                                                                                     
  32     10                                                                                                                                                                                                                                                     
  33     10                                                                                                                                                                                                                                                     
  34      9                                                                                                                                                                                                                                                     
  35      9                                                                                                                                                                                                                                                     
  36      9                                                                                                                                                                                                                                                     
  37      9                                                                                                                                                                                                                                                     
  38      9                                                                                                                                                                                                                                                     
  39      9                                                                                                                                                                                                                                                     
  40      9                                                                                                                                                                                                                                                     
  41      9                                                                                                                                                                                                                                                     
  42      9                                                                                                                                                                                                                                                     
  43      9                                                                                                                                                                                                                                                     
  44      9                                                                                                                                                                                                                                                     
  45      9                                                                                                                                                                                                                                                     
  46      9                                                                                                                                                                                                                                                     
  47      9                                                                                                                                                                                                                                                     
  48     10                                                                                                                                                                                                                                                     
  49     10                                                                                                                                                                                                                                                     
  50     10                                                                                                                                                                                                                                                     
  51     11                                                                                                                                                                                                                                                     
  52     12                                                                                                                                                                                                                                                     
  53     14                                                                                                                                                                                                                                                     
  54     18                                                                                                                                                                                                                                                     
  55     28                                                                                                                                                                                                                                                     
  56     94                                                                                                                                                                                                                                                     
