NCR SEM TN GSTDZALL Final Content:RD Level:21 Form:G Other:CB (12DEC07)                                                                                                                                                                                         
   0    123                                                                                                                                                                                                                                                     
   1    123                                                                                                                                                                                                                                                     
   2    123                                                                                                                                                                                                                                                     
   3    123                                                                                                                                                                                                                                                     
   4    123                                                                                                                                                                                                                                                     
   5    123                                                                                                                                                                                                                                                     
   6    123                                                                                                                                                                                                                                                     
   7    123                                                                                                                                                                                                                                                     
   8    123                                                                                                                                                                                                                                                     
   9    123                                                                                                                                                                                                                                                     
  10     60                                                                                                                                                                                                                                                     
  11     40                                                                                                                                                                                                                                                     
  12     29                                                                                                                                                                                                                                                     
  13     23                                                                                                                                                                                                                                                     
  14     19                                                                                                                                                                                                                                                     
  15     17                                                                                                                                                                                                                                                     
  16     15                                                                                                                                                                                                                                                     
  17     14                                                                                                                                                                                                                                                     
  18     13                                                                                                                                                                                                                                                     
  19     12                                                                                                                                                                                                                                                     
  20     12                                                                                                                                                                                                                                                     
  21     11                                                                                                                                                                                                                                                     
  22     11                                                                                                                                                                                                                                                     
  23     10                                                                                                                                                                                                                                                     
  24     10                                                                                                                                                                                                                                                     
  25     10                                                                                                                                                                                                                                                     
  26      9                                                                                                                                                                                                                                                     
  27      9                                                                                                                                                                                                                                                     
  28      9                                                                                                                                                                                                                                                     
  29      9                                                                                                                                                                                                                                                     
  30      9                                                                                                                                                                                                                                                     
  31      9                                                                                                                                                                                                                                                     
  32      9                                                                                                                                                                                                                                                     
  33     10                                                                                                                                                                                                                                                     
  34     10                                                                                                                                                                                                                                                     
  35     10                                                                                                                                                                                                                                                     
  36     10                                                                                                                                                                                                                                                     
  37     10                                                                                                                                                                                                                                                     
  38     11                                                                                                                                                                                                                                                     
  39     11                                                                                                                                                                                                                                                     
  40     12                                                                                                                                                                                                                                                     
  41     13                                                                                                                                                                                                                                                     
  42     14                                                                                                                                                                                                                                                     
  43     17                                                                                                                                                                                                                                                     
  44     21                                                                                                                                                                                                                                                     
  45     34                                                                                                                                                                                                                                                     
  46     75                                                                                                                                                                                                                                                     
