NCR SEM TN GSTDZALL Final Content:RD Level:20 Form:G Other:CB (12DEC07)                                                                                                                                                                                         
   0    131                                                                                                                                                                                                                                                     
   1    131                                                                                                                                                                                                                                                     
   2    131                                                                                                                                                                                                                                                     
   3    131                                                                                                                                                                                                                                                     
   4    131                                                                                                                                                                                                                                                     
   5    131                                                                                                                                                                                                                                                     
   6    131                                                                                                                                                                                                                                                     
   7    131                                                                                                                                                                                                                                                     
   8    131                                                                                                                                                                                                                                                     
   9    111                                                                                                                                                                                                                                                     
  10     62                                                                                                                                                                                                                                                     
  11     42                                                                                                                                                                                                                                                     
  12     30                                                                                                                                                                                                                                                     
  13     24                                                                                                                                                                                                                                                     
  14     20                                                                                                                                                                                                                                                     
  15     17                                                                                                                                                                                                                                                     
  16     16                                                                                                                                                                                                                                                     
  17     14                                                                                                                                                                                                                                                     
  18     13                                                                                                                                                                                                                                                     
  19     13                                                                                                                                                                                                                                                     
  20     12                                                                                                                                                                                                                                                     
  21     12                                                                                                                                                                                                                                                     
  22     11                                                                                                                                                                                                                                                     
  23     11                                                                                                                                                                                                                                                     
  24     11                                                                                                                                                                                                                                                     
  25     11                                                                                                                                                                                                                                                     
  26     11                                                                                                                                                                                                                                                     
  27     10                                                                                                                                                                                                                                                     
  28     11                                                                                                                                                                                                                                                     
  29     11                                                                                                                                                                                                                                                     
  30     11                                                                                                                                                                                                                                                     
  31     11                                                                                                                                                                                                                                                     
  32     11                                                                                                                                                                                                                                                     
  33     11                                                                                                                                                                                                                                                     
  34     12                                                                                                                                                                                                                                                     
  35     12                                                                                                                                                                                                                                                     
  36     13                                                                                                                                                                                                                                                     
  37     13                                                                                                                                                                                                                                                     
  38     14                                                                                                                                                                                                                                                     
  39     15                                                                                                                                                                                                                                                     
  40     17                                                                                                                                                                                                                                                     
  41     19                                                                                                                                                                                                                                                     
  42     21                                                                                                                                                                                                                                                     
  43     26                                                                                                                                                                                                                                                     
  44     35                                                                                                                                                                                                                                                     
  45     51                                                                                                                                                                                                                                                     
  46     51                                                                                                                                                                                                                                                     
