NCR SEM TN GSTDZALL Final Content:RD Level:13 Form:G Other:SV (12DEC07)                                                                                                                                                                                         
   0    153                                                                                                                                                                                                                                                     
   1    153                                                                                                                                                                                                                                                     
   2    153                                                                                                                                                                                                                                                     
   3    153                                                                                                                                                                                                                                                     
   4    153                                                                                                                                                                                                                                                     
   5    153                                                                                                                                                                                                                                                     
   6    135                                                                                                                                                                                                                                                     
   7     53                                                                                                                                                                                                                                                     
   8     34                                                                                                                                                                                                                                                     
   9     25                                                                                                                                                                                                                                                     
  10     21                                                                                                                                                                                                                                                     
  11     18                                                                                                                                                                                                                                                     
  12     16                                                                                                                                                                                                                                                     
  13     15                                                                                                                                                                                                                                                     
  14     14                                                                                                                                                                                                                                                     
  15     13                                                                                                                                                                                                                                                     
  16     12                                                                                                                                                                                                                                                     
  17     12                                                                                                                                                                                                                                                     
  18     12                                                                                                                                                                                                                                                     
  19     11                                                                                                                                                                                                                                                     
  20     11                                                                                                                                                                                                                                                     
  21     11                                                                                                                                                                                                                                                     
  22     11                                                                                                                                                                                                                                                     
  23     12                                                                                                                                                                                                                                                     
  24     13                                                                                                                                                                                                                                                     
  25     14                                                                                                                                                                                                                                                     
  26     15                                                                                                                                                                                                                                                     
  27     17                                                                                                                                                                                                                                                     
  28     20                                                                                                                                                                                                                                                     
  29     32                                                                                                                                                                                                                                                     
  30     70                                                                                                                                                                                                                                                     
