NCR SEM TN GSTDZALL Final Content:RD Level:21 Form:G Other:SV (12DEC07)                                                                                                                                                                                         
   0    126                                                                                                                                                                                                                                                     
   1    126                                                                                                                                                                                                                                                     
   2    126                                                                                                                                                                                                                                                     
   3    126                                                                                                                                                                                                                                                     
   4    126                                                                                                                                                                                                                                                     
   5    126                                                                                                                                                                                                                                                     
   6    126                                                                                                                                                                                                                                                     
   7     70                                                                                                                                                                                                                                                     
   8     42                                                                                                                                                                                                                                                     
   9     28                                                                                                                                                                                                                                                     
  10     22                                                                                                                                                                                                                                                     
  11     19                                                                                                                                                                                                                                                     
  12     17                                                                                                                                                                                                                                                     
  13     15                                                                                                                                                                                                                                                     
  14     14                                                                                                                                                                                                                                                     
  15     13                                                                                                                                                                                                                                                     
  16     12                                                                                                                                                                                                                                                     
  17     12                                                                                                                                                                                                                                                     
  18     11                                                                                                                                                                                                                                                     
  19     11                                                                                                                                                                                                                                                     
  20     11                                                                                                                                                                                                                                                     
  21     11                                                                                                                                                                                                                                                     
  22     11                                                                                                                                                                                                                                                     
  23     11                                                                                                                                                                                                                                                     
  24     12                                                                                                                                                                                                                                                     
  25     12                                                                                                                                                                                                                                                     
  26     13                                                                                                                                                                                                                                                     
  27     13                                                                                                                                                                                                                                                     
  28     14                                                                                                                                                                                                                                                     
  29     15                                                                                                                                                                                                                                                     
  30     18                                                                                                                                                                                                                                                     
  31     24                                                                                                                                                                                                                                                     
  32     37                                                                                                                                                                                                                                                     
  33     80                                                                                                                                                                                                                                                     
