NCR SEM TN GSTDZALL Final Content:RD Level:11 Form:G Other:MA (12DEC07)                                                                                                                                                                                         
   0     73                                                                                                                                                                                                                                                     
   1     73                                                                                                                                                                                                                                                     
   2     73                                                                                                                                                                                                                                                     
   3     73                                                                                                                                                                                                                                                     
   4     73                                                                                                                                                                                                                                                     
   5     73                                                                                                                                                                                                                                                     
   6     73                                                                                                                                                                                                                                                     
   7     73                                                                                                                                                                                                                                                     
   8     73                                                                                                                                                                                                                                                     
   9     73                                                                                                                                                                                                                                                     
  10     73                                                                                                                                                                                                                                                     
  11     73                                                                                                                                                                                                                                                     
  12     73                                                                                                                                                                                                                                                     
  13     73                                                                                                                                                                                                                                                     
  14     68                                                                                                                                                                                                                                                     
  15     49                                                                                                                                                                                                                                                     
  16     38                                                                                                                                                                                                                                                     
  17     31                                                                                                                                                                                                                                                     
  18     27                                                                                                                                                                                                                                                     
  19     24                                                                                                                                                                                                                                                     
  20     23                                                                                                                                                                                                                                                     
  21     21                                                                                                                                                                                                                                                     
  22     20                                                                                                                                                                                                                                                     
  23     19                                                                                                                                                                                                                                                     
  24     18                                                                                                                                                                                                                                                     
  25     17                                                                                                                                                                                                                                                     
  26     17                                                                                                                                                                                                                                                     
  27     16                                                                                                                                                                                                                                                     
  28     15                                                                                                                                                                                                                                                     
  29     15                                                                                                                                                                                                                                                     
  30     14                                                                                                                                                                                                                                                     
  31     14                                                                                                                                                                                                                                                     
  32     13                                                                                                                                                                                                                                                     
  33     13                                                                                                                                                                                                                                                     
  34     13                                                                                                                                                                                                                                                     
  35     13                                                                                                                                                                                                                                                     
  36     13                                                                                                                                                                                                                                                     
  37     13                                                                                                                                                                                                                                                     
  38     13                                                                                                                                                                                                                                                     
  39     13                                                                                                                                                                                                                                                     
  40     13                                                                                                                                                                                                                                                     
  41     14                                                                                                                                                                                                                                                     
  42     14                                                                                                                                                                                                                                                     
  43     15                                                                                                                                                                                                                                                     
  44     16                                                                                                                                                                                                                                                     
  45     17                                                                                                                                                                                                                                                     
  46     19                                                                                                                                                                                                                                                     
  47     22                                                                                                                                                                                                                                                     
  48     28                                                                                                                                                                                                                                                     
  49     44                                                                                                                                                                                                                                                     
  50     62                                                                                                                                                                                                                                                     
