NCR SEM TN GSTDZALL Final Content:RD Level:20 Form:G Other:SV (12DEC07)                                                                                                                                                                                         
   0    137                                                                                                                                                                                                                                                     
   1    137                                                                                                                                                                                                                                                     
   2    137                                                                                                                                                                                                                                                     
   3    137                                                                                                                                                                                                                                                     
   4    137                                                                                                                                                                                                                                                     
   5    137                                                                                                                                                                                                                                                     
   6    137                                                                                                                                                                                                                                                     
   7     81                                                                                                                                                                                                                                                     
   8     50                                                                                                                                                                                                                                                     
   9     34                                                                                                                                                                                                                                                     
  10     26                                                                                                                                                                                                                                                     
  11     22                                                                                                                                                                                                                                                     
  12     19                                                                                                                                                                                                                                                     
  13     17                                                                                                                                                                                                                                                     
  14     16                                                                                                                                                                                                                                                     
  15     15                                                                                                                                                                                                                                                     
  16     15                                                                                                                                                                                                                                                     
  17     14                                                                                                                                                                                                                                                     
  18     14                                                                                                                                                                                                                                                     
  19     14                                                                                                                                                                                                                                                     
  20     14                                                                                                                                                                                                                                                     
  21     14                                                                                                                                                                                                                                                     
  22     14                                                                                                                                                                                                                                                     
  23     14                                                                                                                                                                                                                                                     
  24     15                                                                                                                                                                                                                                                     
  25     16                                                                                                                                                                                                                                                     
  26     16                                                                                                                                                                                                                                                     
  27     18                                                                                                                                                                                                                                                     
  28     19                                                                                                                                                                                                                                                     
  29     22                                                                                                                                                                                                                                                     
  30     27                                                                                                                                                                                                                                                     
  31     36                                                                                                                                                                                                                                                     
  32     55                                                                                                                                                                                                                                                     
  33     55                                                                                                                                                                                                                                                     
