NCR SEM TN GSTDZALL Final Content:RD Level:18 Form:G Other:CB (12DEC07)                                                                                                                                                                                         
   0    126                                                                                                                                                                                                                                                     
   1    126                                                                                                                                                                                                                                                     
   2    126                                                                                                                                                                                                                                                     
   3    126                                                                                                                                                                                                                                                     
   4    126                                                                                                                                                                                                                                                     
   5    126                                                                                                                                                                                                                                                     
   6    126                                                                                                                                                                                                                                                     
   7    126                                                                                                                                                                                                                                                     
   8    126                                                                                                                                                                                                                                                     
   9     89                                                                                                                                                                                                                                                     
  10     49                                                                                                                                                                                                                                                     
  11     34                                                                                                                                                                                                                                                     
  12     24                                                                                                                                                                                                                                                     
  13     20                                                                                                                                                                                                                                                     
  14     17                                                                                                                                                                                                                                                     
  15     15                                                                                                                                                                                                                                                     
  16     13                                                                                                                                                                                                                                                     
  17     13                                                                                                                                                                                                                                                     
  18     12                                                                                                                                                                                                                                                     
  19     11                                                                                                                                                                                                                                                     
  20     11                                                                                                                                                                                                                                                     
  21     11                                                                                                                                                                                                                                                     
  22     10                                                                                                                                                                                                                                                     
  23     10                                                                                                                                                                                                                                                     
  24     10                                                                                                                                                                                                                                                     
  25     10                                                                                                                                                                                                                                                     
  26     10                                                                                                                                                                                                                                                     
  27     10                                                                                                                                                                                                                                                     
  28     10                                                                                                                                                                                                                                                     
  29     10                                                                                                                                                                                                                                                     
  30     10                                                                                                                                                                                                                                                     
  31     10                                                                                                                                                                                                                                                     
  32     10                                                                                                                                                                                                                                                     
  33     11                                                                                                                                                                                                                                                     
  34     11                                                                                                                                                                                                                                                     
  35     11                                                                                                                                                                                                                                                     
  36     12                                                                                                                                                                                                                                                     
  37     12                                                                                                                                                                                                                                                     
  38     13                                                                                                                                                                                                                                                     
  39     14                                                                                                                                                                                                                                                     
  40     15                                                                                                                                                                                                                                                     
  41     17                                                                                                                                                                                                                                                     
  42     19                                                                                                                                                                                                                                                     
  43     23                                                                                                                                                                                                                                                     
  44     29                                                                                                                                                                                                                                                     
  45     47                                                                                                                                                                                                                                                     
  46     55                                                                                                                                                                                                                                                     
