NCR SEM TN GSTDZALL Final Content:RD Level:19 Form:G Other:SV (12DEC07)                                                                                                                                                                                         
   0    142                                                                                                                                                                                                                                                     
   1    142                                                                                                                                                                                                                                                     
   2    142                                                                                                                                                                                                                                                     
   3    142                                                                                                                                                                                                                                                     
   4    142                                                                                                                                                                                                                                                     
   5    142                                                                                                                                                                                                                                                     
   6    142                                                                                                                                                                                                                                                     
   7     93                                                                                                                                                                                                                                                     
   8     54                                                                                                                                                                                                                                                     
   9     36                                                                                                                                                                                                                                                     
  10     27                                                                                                                                                                                                                                                     
  11     22                                                                                                                                                                                                                                                     
  12     19                                                                                                                                                                                                                                                     
  13     17                                                                                                                                                                                                                                                     
  14     15                                                                                                                                                                                                                                                     
  15     15                                                                                                                                                                                                                                                     
  16     14                                                                                                                                                                                                                                                     
  17     14                                                                                                                                                                                                                                                     
  18     14                                                                                                                                                                                                                                                     
  19     14                                                                                                                                                                                                                                                     
  20     14                                                                                                                                                                                                                                                     
  21     14                                                                                                                                                                                                                                                     
  22     14                                                                                                                                                                                                                                                     
  23     14                                                                                                                                                                                                                                                     
  24     15                                                                                                                                                                                                                                                     
  25     15                                                                                                                                                                                                                                                     
  26     16                                                                                                                                                                                                                                                     
  27     16                                                                                                                                                                                                                                                     
  28     17                                                                                                                                                                                                                                                     
  29     19                                                                                                                                                                                                                                                     
  30     21                                                                                                                                                                                                                                                     
  31     27                                                                                                                                                                                                                                                     
  32     40                                                                                                                                                                                                                                                     
  33     52                                                                                                                                                                                                                                                     
