NCR SEM TN GSTDZALL Final Content:RD Level:18 Form:G Other:MA (12DEC07)                                                                                                                                                                                         
   0    118                                                                                                                                                                                                                                                     
   1    118                                                                                                                                                                                                                                                     
   2    118                                                                                                                                                                                                                                                     
   3    118                                                                                                                                                                                                                                                     
   4    118                                                                                                                                                                                                                                                     
   5    118                                                                                                                                                                                                                                                     
   6    118                                                                                                                                                                                                                                                     
   7     88                                                                                                                                                                                                                                                     
   8     55                                                                                                                                                                                                                                                     
   9     38                                                                                                                                                                                                                                                     
  10     29                                                                                                                                                                                                                                                     
  11     24                                                                                                                                                                                                                                                     
  12     20                                                                                                                                                                                                                                                     
  13     18                                                                                                                                                                                                                                                     
  14     16                                                                                                                                                                                                                                                     
  15     15                                                                                                                                                                                                                                                     
  16     14                                                                                                                                                                                                                                                     
  17     14                                                                                                                                                                                                                                                     
  18     13                                                                                                                                                                                                                                                     
  19     13                                                                                                                                                                                                                                                     
  20     12                                                                                                                                                                                                                                                     
  21     12                                                                                                                                                                                                                                                     
  22     12                                                                                                                                                                                                                                                     
  23     12                                                                                                                                                                                                                                                     
  24     11                                                                                                                                                                                                                                                     
  25     11                                                                                                                                                                                                                                                     
  26     11                                                                                                                                                                                                                                                     
  27     11                                                                                                                                                                                                                                                     
  28     11                                                                                                                                                                                                                                                     
  29     11                                                                                                                                                                                                                                                     
  30     11                                                                                                                                                                                                                                                     
  31     11                                                                                                                                                                                                                                                     
  32     11                                                                                                                                                                                                                                                     
  33     11                                                                                                                                                                                                                                                     
  34     12                                                                                                                                                                                                                                                     
  35     12                                                                                                                                                                                                                                                     
  36     12                                                                                                                                                                                                                                                     
  37     12                                                                                                                                                                                                                                                     
  38     13                                                                                                                                                                                                                                                     
  39     13                                                                                                                                                                                                                                                     
  40     13                                                                                                                                                                                                                                                     
  41     14                                                                                                                                                                                                                                                     
  42     15                                                                                                                                                                                                                                                     
  43     16                                                                                                                                                                                                                                                     
  44     17                                                                                                                                                                                                                                                     
  45     18                                                                                                                                                                                                                                                     
  46     20                                                                                                                                                                                                                                                     
  47     23                                                                                                                                                                                                                                                     
  48     28                                                                                                                                                                                                                                                     
  49     36                                                                                                                                                                                                                                                     
  50     46                                                                                                                                                                                                                                                     
  51     46                                                                                                                                                                                                                                                     
