NCR SEM TN GSTDZALL Final Content:RD Level:18 Form:G Other:SV (12DEC07)                                                                                                                                                                                         
   0    135                                                                                                                                                                                                                                                     
   1    135                                                                                                                                                                                                                                                     
   2    135                                                                                                                                                                                                                                                     
   3    135                                                                                                                                                                                                                                                     
   4    135                                                                                                                                                                                                                                                     
   5    135                                                                                                                                                                                                                                                     
   6    135                                                                                                                                                                                                                                                     
   7     69                                                                                                                                                                                                                                                     
   8     43                                                                                                                                                                                                                                                     
   9     29                                                                                                                                                                                                                                                     
  10     22                                                                                                                                                                                                                                                     
  11     19                                                                                                                                                                                                                                                     
  12     17                                                                                                                                                                                                                                                     
  13     16                                                                                                                                                                                                                                                     
  14     15                                                                                                                                                                                                                                                     
  15     14                                                                                                                                                                                                                                                     
  16     13                                                                                                                                                                                                                                                     
  17     13                                                                                                                                                                                                                                                     
  18     13                                                                                                                                                                                                                                                     
  19     13                                                                                                                                                                                                                                                     
  20     13                                                                                                                                                                                                                                                     
  21     13                                                                                                                                                                                                                                                     
  22     13                                                                                                                                                                                                                                                     
  23     13                                                                                                                                                                                                                                                     
  24     13                                                                                                                                                                                                                                                     
  25     14                                                                                                                                                                                                                                                     
  26     15                                                                                                                                                                                                                                                     
  27     16                                                                                                                                                                                                                                                     
  28     17                                                                                                                                                                                                                                                     
  29     19                                                                                                                                                                                                                                                     
  30     23                                                                                                                                                                                                                                                     
  31     30                                                                                                                                                                                                                                                     
  32     47                                                                                                                                                                                                                                                     
  33     58                                                                                                                                                                                                                                                     
