NCR SEM TN GSTDZALL Final Content:RD Level:21 Form:G Other:MA (12DEC07)                                                                                                                                                                                         
   0    115                                                                                                                                                                                                                                                     
   1    115                                                                                                                                                                                                                                                     
   2    115                                                                                                                                                                                                                                                     
   3    115                                                                                                                                                                                                                                                     
   4    115                                                                                                                                                                                                                                                     
   5    115                                                                                                                                                                                                                                                     
   6    115                                                                                                                                                                                                                                                     
   7    109                                                                                                                                                                                                                                                     
   8     63                                                                                                                                                                                                                                                     
   9     42                                                                                                                                                                                                                                                     
  10     30                                                                                                                                                                                                                                                     
  11     23                                                                                                                                                                                                                                                     
  12     20                                                                                                                                                                                                                                                     
  13     17                                                                                                                                                                                                                                                     
  14     16                                                                                                                                                                                                                                                     
  15     14                                                                                                                                                                                                                                                     
  16     13                                                                                                                                                                                                                                                     
  17     13                                                                                                                                                                                                                                                     
  18     12                                                                                                                                                                                                                                                     
  19     12                                                                                                                                                                                                                                                     
  20     11                                                                                                                                                                                                                                                     
  21     11                                                                                                                                                                                                                                                     
  22     11                                                                                                                                                                                                                                                     
  23     10                                                                                                                                                                                                                                                     
  24     10                                                                                                                                                                                                                                                     
  25     10                                                                                                                                                                                                                                                     
  26     10                                                                                                                                                                                                                                                     
  27     10                                                                                                                                                                                                                                                     
  28     10                                                                                                                                                                                                                                                     
  29     10                                                                                                                                                                                                                                                     
  30     10                                                                                                                                                                                                                                                     
  31     10                                                                                                                                                                                                                                                     
  32     10                                                                                                                                                                                                                                                     
  33     10                                                                                                                                                                                                                                                     
  34     11                                                                                                                                                                                                                                                     
  35     11                                                                                                                                                                                                                                                     
  36     11                                                                                                                                                                                                                                                     
  37     11                                                                                                                                                                                                                                                     
  38     12                                                                                                                                                                                                                                                     
  39     12                                                                                                                                                                                                                                                     
  40     12                                                                                                                                                                                                                                                     
  41     13                                                                                                                                                                                                                                                     
  42     14                                                                                                                                                                                                                                                     
  43     15                                                                                                                                                                                                                                                     
  44     17                                                                                                                                                                                                                                                     
  45     19                                                                                                                                                                                                                                                     
  46     22                                                                                                                                                                                                                                                     
  47     28                                                                                                                                                                                                                                                     
  48     41                                                                                                                                                                                                                                                     
  49     57                                                                                                                                                                                                                                                     
