NCR SEM TN GSTDZALL Final Content:RD Level:17 Form:G Other:CB (12DEC07)                                                                                                                                                                                         
   0    126                                                                                                                                                                                                                                                     
   1    126                                                                                                                                                                                                                                                     
   2    126                                                                                                                                                                                                                                                     
   3    126                                                                                                                                                                                                                                                     
   4    126                                                                                                                                                                                                                                                     
   5    126                                                                                                                                                                                                                                                     
   6    126                                                                                                                                                                                                                                                     
   7    126                                                                                                                                                                                                                                                     
   8    126                                                                                                                                                                                                                                                     
   9     95                                                                                                                                                                                                                                                     
  10     51                                                                                                                                                                                                                                                     
  11     35                                                                                                                                                                                                                                                     
  12     25                                                                                                                                                                                                                                                     
  13     21                                                                                                                                                                                                                                                     
  14     18                                                                                                                                                                                                                                                     
  15     16                                                                                                                                                                                                                                                     
  16     15                                                                                                                                                                                                                                                     
  17     14                                                                                                                                                                                                                                                     
  18     13                                                                                                                                                                                                                                                     
  19     12                                                                                                                                                                                                                                                     
  20     12                                                                                                                                                                                                                                                     
  21     11                                                                                                                                                                                                                                                     
  22     11                                                                                                                                                                                                                                                     
  23     11                                                                                                                                                                                                                                                     
  24     10                                                                                                                                                                                                                                                     
  25     10                                                                                                                                                                                                                                                     
  26     10                                                                                                                                                                                                                                                     
  27     10                                                                                                                                                                                                                                                     
  28     10                                                                                                                                                                                                                                                     
  29     10                                                                                                                                                                                                                                                     
  30     10                                                                                                                                                                                                                                                     
  31      9                                                                                                                                                                                                                                                     
  32      9                                                                                                                                                                                                                                                     
  33      9                                                                                                                                                                                                                                                     
  34      9                                                                                                                                                                                                                                                     
  35      9                                                                                                                                                                                                                                                     
  36      9                                                                                                                                                                                                                                                     
  37     10                                                                                                                                                                                                                                                     
  38     10                                                                                                                                                                                                                                                     
  39     10                                                                                                                                                                                                                                                     
  40     11                                                                                                                                                                                                                                                     
  41     12                                                                                                                                                                                                                                                     
  42     13                                                                                                                                                                                                                                                     
  43     16                                                                                                                                                                                                                                                     
  44     23                                                                                                                                                                                                                                                     
  45     43                                                                                                                                                                                                                                                     
  46     72                                                                                                                                                                                                                                                     
