NCR SEM TN GSTDZALL Final Content:RD Level:15 Form:G Other:MA (12DEC07)                                                                                                                                                                                         
   0    129                                                                                                                                                                                                                                                     
   1    129                                                                                                                                                                                                                                                     
   2    129                                                                                                                                                                                                                                                     
   3    129                                                                                                                                                                                                                                                     
   4    129                                                                                                                                                                                                                                                     
   5    129                                                                                                                                                                                                                                                     
   6    129                                                                                                                                                                                                                                                     
   7     67                                                                                                                                                                                                                                                     
   8     43                                                                                                                                                                                                                                                     
   9     30                                                                                                                                                                                                                                                     
  10     23                                                                                                                                                                                                                                                     
  11     19                                                                                                                                                                                                                                                     
  12     16                                                                                                                                                                                                                                                     
  13     15                                                                                                                                                                                                                                                     
  14     14                                                                                                                                                                                                                                                     
  15     13                                                                                                                                                                                                                                                     
  16     12                                                                                                                                                                                                                                                     
  17     11                                                                                                                                                                                                                                                     
  18     11                                                                                                                                                                                                                                                     
  19     11                                                                                                                                                                                                                                                     
  20     10                                                                                                                                                                                                                                                     
  21     10                                                                                                                                                                                                                                                     
  22     10                                                                                                                                                                                                                                                     
  23     10                                                                                                                                                                                                                                                     
  24     10                                                                                                                                                                                                                                                     
  25     10                                                                                                                                                                                                                                                     
  26     10                                                                                                                                                                                                                                                     
  27     10                                                                                                                                                                                                                                                     
  28     10                                                                                                                                                                                                                                                     
  29     10                                                                                                                                                                                                                                                     
  30     10                                                                                                                                                                                                                                                     
  31     10                                                                                                                                                                                                                                                     
  32     11                                                                                                                                                                                                                                                     
  33     11                                                                                                                                                                                                                                                     
  34     11                                                                                                                                                                                                                                                     
  35     11                                                                                                                                                                                                                                                     
  36     12                                                                                                                                                                                                                                                     
  37     12                                                                                                                                                                                                                                                     
  38     13                                                                                                                                                                                                                                                     
  39     13                                                                                                                                                                                                                                                     
  40     14                                                                                                                                                                                                                                                     
  41     15                                                                                                                                                                                                                                                     
  42     17                                                                                                                                                                                                                                                     
  43     18                                                                                                                                                                                                                                                     
  44     21                                                                                                                                                                                                                                                     
  45     24                                                                                                                                                                                                                                                     
  46     29                                                                                                                                                                                                                                                     
  47     38                                                                                                                                                                                                                                                     
  48     38                                                                                                                                                                                                                                                     
