NCR SEM TN GSTDZALL Final Content:RD Level:15 Form:G Other:CB (12DEC07)                                                                                                                                                                                         
   0    137                                                                                                                                                                                                                                                     
   1    137                                                                                                                                                                                                                                                     
   2    137                                                                                                                                                                                                                                                     
   3    137                                                                                                                                                                                                                                                     
   4    137                                                                                                                                                                                                                                                     
   5    137                                                                                                                                                                                                                                                     
   6    137                                                                                                                                                                                                                                                     
   7    137                                                                                                                                                                                                                                                     
   8    137                                                                                                                                                                                                                                                     
   9     87                                                                                                                                                                                                                                                     
  10     52                                                                                                                                                                                                                                                     
  11     36                                                                                                                                                                                                                                                     
  12     26                                                                                                                                                                                                                                                     
  13     21                                                                                                                                                                                                                                                     
  14     18                                                                                                                                                                                                                                                     
  15     16                                                                                                                                                                                                                                                     
  16     14                                                                                                                                                                                                                                                     
  17     13                                                                                                                                                                                                                                                     
  18     13                                                                                                                                                                                                                                                     
  19     12                                                                                                                                                                                                                                                     
  20     11                                                                                                                                                                                                                                                     
  21     11                                                                                                                                                                                                                                                     
  22     10                                                                                                                                                                                                                                                     
  23     10                                                                                                                                                                                                                                                     
  24     10                                                                                                                                                                                                                                                     
  25     10                                                                                                                                                                                                                                                     
  26     10                                                                                                                                                                                                                                                     
  27      9                                                                                                                                                                                                                                                     
  28      9                                                                                                                                                                                                                                                     
  29      9                                                                                                                                                                                                                                                     
  30      9                                                                                                                                                                                                                                                     
  31      9                                                                                                                                                                                                                                                     
  32     10                                                                                                                                                                                                                                                     
  33     10                                                                                                                                                                                                                                                     
  34     10                                                                                                                                                                                                                                                     
  35     10                                                                                                                                                                                                                                                     
  36     10                                                                                                                                                                                                                                                     
  37     10                                                                                                                                                                                                                                                     
  38     10                                                                                                                                                                                                                                                     
  39     11                                                                                                                                                                                                                                                     
  40     11                                                                                                                                                                                                                                                     
  41     12                                                                                                                                                                                                                                                     
  42     13                                                                                                                                                                                                                                                     
  43     14                                                                                                                                                                                                                                                     
  44     18                                                                                                                                                                                                                                                     
  45     26                                                                                                                                                                                                                                                     
  46     64                                                                                                                                                                                                                                                     
