NCR SEM TN GSTDZALL Final Content:RD Level:13 Form:G Other:CB (12DEC07)                                                                                                                                                                                         
   0    149                                                                                                                                                                                                                                                     
   1    149                                                                                                                                                                                                                                                     
   2    149                                                                                                                                                                                                                                                     
   3    149                                                                                                                                                                                                                                                     
   4    149                                                                                                                                                                                                                                                     
   5    149                                                                                                                                                                                                                                                     
   6    149                                                                                                                                                                                                                                                     
   7    149                                                                                                                                                                                                                                                     
   8    149                                                                                                                                                                                                                                                     
   9     58                                                                                                                                                                                                                                                     
  10     38                                                                                                                                                                                                                                                     
  11     27                                                                                                                                                                                                                                                     
  12     21                                                                                                                                                                                                                                                     
  13     18                                                                                                                                                                                                                                                     
  14     15                                                                                                                                                                                                                                                     
  15     14                                                                                                                                                                                                                                                     
  16     13                                                                                                                                                                                                                                                     
  17     12                                                                                                                                                                                                                                                     
  18     11                                                                                                                                                                                                                                                     
  19     11                                                                                                                                                                                                                                                     
  20     10                                                                                                                                                                                                                                                     
  21     10                                                                                                                                                                                                                                                     
  22     10                                                                                                                                                                                                                                                     
  23     10                                                                                                                                                                                                                                                     
  24      9                                                                                                                                                                                                                                                     
  25      9                                                                                                                                                                                                                                                     
  26      9                                                                                                                                                                                                                                                     
  27      9                                                                                                                                                                                                                                                     
  28      9                                                                                                                                                                                                                                                     
  29      9                                                                                                                                                                                                                                                     
  30      9                                                                                                                                                                                                                                                     
  31      9                                                                                                                                                                                                                                                     
  32     10                                                                                                                                                                                                                                                     
  33     10                                                                                                                                                                                                                                                     
  34     10                                                                                                                                                                                                                                                     
  35     11                                                                                                                                                                                                                                                     
  36     12                                                                                                                                                                                                                                                     
  37     12                                                                                                                                                                                                                                                     
  38     14                                                                                                                                                                                                                                                     
  39     16                                                                                                                                                                                                                                                     
  40     19                                                                                                                                                                                                                                                     
  41     31                                                                                                                                                                                                                                                     
  42     67                                                                                                                                                                                                                                                     
