NCR SEM TN GSTDZALL Final Content:RD Level:14 Form:G Other:MA (12DEC07)                                                                                                                                                                                         
   0    145                                                                                                                                                                                                                                                     
   1    145                                                                                                                                                                                                                                                     
   2    145                                                                                                                                                                                                                                                     
   3    145                                                                                                                                                                                                                                                     
   4    145                                                                                                                                                                                                                                                     
   5    145                                                                                                                                                                                                                                                     
   6    145                                                                                                                                                                                                                                                     
   7     63                                                                                                                                                                                                                                                     
   8     40                                                                                                                                                                                                                                                     
   9     28                                                                                                                                                                                                                                                     
  10     22                                                                                                                                                                                                                                                     
  11     18                                                                                                                                                                                                                                                     
  12     16                                                                                                                                                                                                                                                     
  13     14                                                                                                                                                                                                                                                     
  14     13                                                                                                                                                                                                                                                     
  15     12                                                                                                                                                                                                                                                     
  16     12                                                                                                                                                                                                                                                     
  17     11                                                                                                                                                                                                                                                     
  18     11                                                                                                                                                                                                                                                     
  19     10                                                                                                                                                                                                                                                     
  20     10                                                                                                                                                                                                                                                     
  21     10                                                                                                                                                                                                                                                     
  22      9                                                                                                                                                                                                                                                     
  23      9                                                                                                                                                                                                                                                     
  24      9                                                                                                                                                                                                                                                     
  25      9                                                                                                                                                                                                                                                     
  26      9                                                                                                                                                                                                                                                     
  27      9                                                                                                                                                                                                                                                     
  28      9                                                                                                                                                                                                                                                     
  29      9                                                                                                                                                                                                                                                     
  30     10                                                                                                                                                                                                                                                     
  31     10                                                                                                                                                                                                                                                     
  32     10                                                                                                                                                                                                                                                     
  33     11                                                                                                                                                                                                                                                     
  34     11                                                                                                                                                                                                                                                     
  35     12                                                                                                                                                                                                                                                     
  36     12                                                                                                                                                                                                                                                     
  37     13                                                                                                                                                                                                                                                     
  38     13                                                                                                                                                                                                                                                     
  39     14                                                                                                                                                                                                                                                     
  40     16                                                                                                                                                                                                                                                     
  41     18                                                                                                                                                                                                                                                     
  42     22                                                                                                                                                                                                                                                     
  43     29                                                                                                                                                                                                                                                     
  44     46                                                                                                                                                                                                                                                     
  45     63                                                                                                                                                                                                                                                     
