NCR SEM TN GSTDZALL Final Content:RD Level:12 Form:G Other:CB (12DEC07)                                                                                                                                                                                         
   0    101                                                                                                                                                                                                                                                     
   1    101                                                                                                                                                                                                                                                     
   2    101                                                                                                                                                                                                                                                     
   3    101                                                                                                                                                                                                                                                     
   4    101                                                                                                                                                                                                                                                     
   5    101                                                                                                                                                                                                                                                     
   6    101                                                                                                                                                                                                                                                     
   7    101                                                                                                                                                                                                                                                     
   8    101                                                                                                                                                                                                                                                     
   9    101                                                                                                                                                                                                                                                     
  10    101                                                                                                                                                                                                                                                     
  11    101                                                                                                                                                                                                                                                     
  12    101                                                                                                                                                                                                                                                     
  13     80                                                                                                                                                                                                                                                     
  14     54                                                                                                                                                                                                                                                     
  15     39                                                                                                                                                                                                                                                     
  16     30                                                                                                                                                                                                                                                     
  17     25                                                                                                                                                                                                                                                     
  18     22                                                                                                                                                                                                                                                     
  19     19                                                                                                                                                                                                                                                     
  20     17                                                                                                                                                                                                                                                     
  21     16                                                                                                                                                                                                                                                     
  22     14                                                                                                                                                                                                                                                     
  23     13                                                                                                                                                                                                                                                     
  24     13                                                                                                                                                                                                                                                     
  25     12                                                                                                                                                                                                                                                     
  26     12                                                                                                                                                                                                                                                     
  27     11                                                                                                                                                                                                                                                     
  28     11                                                                                                                                                                                                                                                     
  29     11                                                                                                                                                                                                                                                     
  30     11                                                                                                                                                                                                                                                     
  31     10                                                                                                                                                                                                                                                     
  32     10                                                                                                                                                                                                                                                     
  33     10                                                                                                                                                                                                                                                     
  34     10                                                                                                                                                                                                                                                     
  35     10                                                                                                                                                                                                                                                     
  36     10                                                                                                                                                                                                                                                     
  37     10                                                                                                                                                                                                                                                     
  38     11                                                                                                                                                                                                                                                     
  39     11                                                                                                                                                                                                                                                     
  40     11                                                                                                                                                                                                                                                     
  41     11                                                                                                                                                                                                                                                     
  42     12                                                                                                                                                                                                                                                     
  43     12                                                                                                                                                                                                                                                     
  44     12                                                                                                                                                                                                                                                     
  45     13                                                                                                                                                                                                                                                     
  46     14                                                                                                                                                                                                                                                     
  47     15                                                                                                                                                                                                                                                     
  48     16                                                                                                                                                                                                                                                     
  49     18                                                                                                                                                                                                                                                     
  50     21                                                                                                                                                                                                                                                     
  51     30                                                                                                                                                                                                                                                     
  52     56                                                                                                                                                                                                                                                     
