NCR SEM TN GSTDZALL Final Content:RD Level:17 Form:G Other:MA (12DEC07)                                                                                                                                                                                         
   0    118                                                                                                                                                                                                                                                     
   1    118                                                                                                                                                                                                                                                     
   2    118                                                                                                                                                                                                                                                     
   3    118                                                                                                                                                                                                                                                     
   4    118                                                                                                                                                                                                                                                     
   5    118                                                                                                                                                                                                                                                     
   6    118                                                                                                                                                                                                                                                     
   7     63                                                                                                                                                                                                                                                     
   8     40                                                                                                                                                                                                                                                     
   9     28                                                                                                                                                                                                                                                     
  10     22                                                                                                                                                                                                                                                     
  11     18                                                                                                                                                                                                                                                     
  12     16                                                                                                                                                                                                                                                     
  13     15                                                                                                                                                                                                                                                     
  14     14                                                                                                                                                                                                                                                     
  15     13                                                                                                                                                                                                                                                     
  16     12                                                                                                                                                                                                                                                     
  17     12                                                                                                                                                                                                                                                     
  18     11                                                                                                                                                                                                                                                     
  19     11                                                                                                                                                                                                                                                     
  20     11                                                                                                                                                                                                                                                     
  21     10                                                                                                                                                                                                                                                     
  22     10                                                                                                                                                                                                                                                     
  23     10                                                                                                                                                                                                                                                     
  24     10                                                                                                                                                                                                                                                     
  25     10                                                                                                                                                                                                                                                     
  26     10                                                                                                                                                                                                                                                     
  27     10                                                                                                                                                                                                                                                     
  28     10                                                                                                                                                                                                                                                     
  29     10                                                                                                                                                                                                                                                     
  30     10                                                                                                                                                                                                                                                     
  31     10                                                                                                                                                                                                                                                     
  32     10                                                                                                                                                                                                                                                     
  33     10                                                                                                                                                                                                                                                     
  34     10                                                                                                                                                                                                                                                     
  35     10                                                                                                                                                                                                                                                     
  36     10                                                                                                                                                                                                                                                     
  37     10                                                                                                                                                                                                                                                     
  38     10                                                                                                                                                                                                                                                     
  39     10                                                                                                                                                                                                                                                     
  40     11                                                                                                                                                                                                                                                     
  41     11                                                                                                                                                                                                                                                     
  42     12                                                                                                                                                                                                                                                     
  43     12                                                                                                                                                                                                                                                     
  44     13                                                                                                                                                                                                                                                     
  45     15                                                                                                                                                                                                                                                     
  46     17                                                                                                                                                                                                                                                     
  47     20                                                                                                                                                                                                                                                     
  48     27                                                                                                                                                                                                                                                     
  49     43                                                                                                                                                                                                                                                     
  50     58                                                                                                                                                                                                                                                     
