NCR SEM TN GSTDZALL Final Content:RD Level:19 Form:G Other:MA (12DEC07)                                                                                                                                                                                         
   0    127                                                                                                                                                                                                                                                     
   1    127                                                                                                                                                                                                                                                     
   2    127                                                                                                                                                                                                                                                     
   3    127                                                                                                                                                                                                                                                     
   4    127                                                                                                                                                                                                                                                     
   5    127                                                                                                                                                                                                                                                     
   6    127                                                                                                                                                                                                                                                     
   7    108                                                                                                                                                                                                                                                     
   8     63                                                                                                                                                                                                                                                     
   9     43                                                                                                                                                                                                                                                     
  10     32                                                                                                                                                                                                                                                     
  11     26                                                                                                                                                                                                                                                     
  12     22                                                                                                                                                                                                                                                     
  13     19                                                                                                                                                                                                                                                     
  14     17                                                                                                                                                                                                                                                     
  15     16                                                                                                                                                                                                                                                     
  16     15                                                                                                                                                                                                                                                     
  17     14                                                                                                                                                                                                                                                     
  18     13                                                                                                                                                                                                                                                     
  19     13                                                                                                                                                                                                                                                     
  20     12                                                                                                                                                                                                                                                     
  21     12                                                                                                                                                                                                                                                     
  22     12                                                                                                                                                                                                                                                     
  23     12                                                                                                                                                                                                                                                     
  24     12                                                                                                                                                                                                                                                     
  25     12                                                                                                                                                                                                                                                     
  26     12                                                                                                                                                                                                                                                     
  27     12                                                                                                                                                                                                                                                     
  28     12                                                                                                                                                                                                                                                     
  29     12                                                                                                                                                                                                                                                     
  30     12                                                                                                                                                                                                                                                     
  31     12                                                                                                                                                                                                                                                     
  32     13                                                                                                                                                                                                                                                     
  33     13                                                                                                                                                                                                                                                     
  34     13                                                                                                                                                                                                                                                     
  35     13                                                                                                                                                                                                                                                     
  36     14                                                                                                                                                                                                                                                     
  37     14                                                                                                                                                                                                                                                     
  38     15                                                                                                                                                                                                                                                     
  39     15                                                                                                                                                                                                                                                     
  40     16                                                                                                                                                                                                                                                     
  41     17                                                                                                                                                                                                                                                     
  42     19                                                                                                                                                                                                                                                     
  43     21                                                                                                                                                                                                                                                     
  44     25                                                                                                                                                                                                                                                     
  45     31                                                                                                                                                                                                                                                     
  46     40                                                                                                                                                                                                                                                     
  47     40                                                                                                                                                                                                                                                     
