NCR SEM TN GSTDZALL Final Content:RD Level:19 Form:G Other:CB (12DEC07)                                                                                                                                                                                         
   0    135                                                                                                                                                                                                                                                     
   1    135                                                                                                                                                                                                                                                     
   2    135                                                                                                                                                                                                                                                     
   3    135                                                                                                                                                                                                                                                     
   4    135                                                                                                                                                                                                                                                     
   5    135                                                                                                                                                                                                                                                     
   6    135                                                                                                                                                                                                                                                     
   7    135                                                                                                                                                                                                                                                     
   8    135                                                                                                                                                                                                                                                     
   9    135                                                                                                                                                                                                                                                     
  10     75                                                                                                                                                                                                                                                     
  11     50                                                                                                                                                                                                                                                     
  12     35                                                                                                                                                                                                                                                     
  13     27                                                                                                                                                                                                                                                     
  14     22                                                                                                                                                                                                                                                     
  15     19                                                                                                                                                                                                                                                     
  16     17                                                                                                                                                                                                                                                     
  17     15                                                                                                                                                                                                                                                     
  18     14                                                                                                                                                                                                                                                     
  19     13                                                                                                                                                                                                                                                     
  20     12                                                                                                                                                                                                                                                     
  21     12                                                                                                                                                                                                                                                     
  22     12                                                                                                                                                                                                                                                     
  23     11                                                                                                                                                                                                                                                     
  24     11                                                                                                                                                                                                                                                     
  25     11                                                                                                                                                                                                                                                     
  26     11                                                                                                                                                                                                                                                     
  27     11                                                                                                                                                                                                                                                     
  28     11                                                                                                                                                                                                                                                     
  29     11                                                                                                                                                                                                                                                     
  30     11                                                                                                                                                                                                                                                     
  31     11                                                                                                                                                                                                                                                     
  32     11                                                                                                                                                                                                                                                     
  33     11                                                                                                                                                                                                                                                     
  34     11                                                                                                                                                                                                                                                     
  35     12                                                                                                                                                                                                                                                     
  36     12                                                                                                                                                                                                                                                     
  37     13                                                                                                                                                                                                                                                     
  38     13                                                                                                                                                                                                                                                     
  39     14                                                                                                                                                                                                                                                     
  40     15                                                                                                                                                                                                                                                     
  41     16                                                                                                                                                                                                                                                     
  42     18                                                                                                                                                                                                                                                     
  43     22                                                                                                                                                                                                                                                     
  44     28                                                                                                                                                                                                                                                     
  45     41                                                                                                                                                                                                                                                     
  46     47                                                                                                                                                                                                                                                     
