NCR SEM TN GSTDZALL Final Content:RD Level:10 Form:G Other:CB (12DEC07)                                                                                                                                                                                         
   0    101                                                                                                                                                                                                                                                     
   1    101                                                                                                                                                                                                                                                     
   2    101                                                                                                                                                                                                                                                     
   3    101                                                                                                                                                                                                                                                     
   4    101                                                                                                                                                                                                                                                     
   5    101                                                                                                                                                                                                                                                     
   6    101                                                                                                                                                                                                                                                     
   7    101                                                                                                                                                                                                                                                     
   8    101                                                                                                                                                                                                                                                     
   9    101                                                                                                                                                                                                                                                     
  10    101                                                                                                                                                                                                                                                     
  11    101                                                                                                                                                                                                                                                     
  12    101                                                                                                                                                                                                                                                     
  13    101                                                                                                                                                                                                                                                     
  14     67                                                                                                                                                                                                                                                     
  15     47                                                                                                                                                                                                                                                     
  16     35                                                                                                                                                                                                                                                     
  17     28                                                                                                                                                                                                                                                     
  18     24                                                                                                                                                                                                                                                     
  19     21                                                                                                                                                                                                                                                     
  20     19                                                                                                                                                                                                                                                     
  21     17                                                                                                                                                                                                                                                     
  22     16                                                                                                                                                                                                                                                     
  23     15                                                                                                                                                                                                                                                     
  24     15                                                                                                                                                                                                                                                     
  25     14                                                                                                                                                                                                                                                     
  26     14                                                                                                                                                                                                                                                     
  27     13                                                                                                                                                                                                                                                     
  28     13                                                                                                                                                                                                                                                     
  29     12                                                                                                                                                                                                                                                     
  30     12                                                                                                                                                                                                                                                     
  31     12                                                                                                                                                                                                                                                     
  32     12                                                                                                                                                                                                                                                     
  33     12                                                                                                                                                                                                                                                     
  34     13                                                                                                                                                                                                                                                     
  35     14                                                                                                                                                                                                                                                     
  36     15                                                                                                                                                                                                                                                     
  37     18                                                                                                                                                                                                                                                     
  38     22                                                                                                                                                                                                                                                     
  39     41                                                                                                                                                                                                                                                     
  40     77                                                                                                                                                                                                                                                     
