NCR SEM TN GSTDZALL Final Content:RD Level:14 Form:G Other:CB (12DEC07)                                                                                                                                                                                         
   0    152                                                                                                                                                                                                                                                     
   1    152                                                                                                                                                                                                                                                     
   2    152                                                                                                                                                                                                                                                     
   3    152                                                                                                                                                                                                                                                     
   4    152                                                                                                                                                                                                                                                     
   5    152                                                                                                                                                                                                                                                     
   6    152                                                                                                                                                                                                                                                     
   7    152                                                                                                                                                                                                                                                     
   8    152                                                                                                                                                                                                                                                     
   9     65                                                                                                                                                                                                                                                     
  10     40                                                                                                                                                                                                                                                     
  11     28                                                                                                                                                                                                                                                     
  12     21                                                                                                                                                                                                                                                     
  13     18                                                                                                                                                                                                                                                     
  14     15                                                                                                                                                                                                                                                     
  15     14                                                                                                                                                                                                                                                     
  16     13                                                                                                                                                                                                                                                     
  17     12                                                                                                                                                                                                                                                     
  18     11                                                                                                                                                                                                                                                     
  19     11                                                                                                                                                                                                                                                     
  20     10                                                                                                                                                                                                                                                     
  21     10                                                                                                                                                                                                                                                     
  22      9                                                                                                                                                                                                                                                     
  23      9                                                                                                                                                                                                                                                     
  24      9                                                                                                                                                                                                                                                     
  25      8                                                                                                                                                                                                                                                     
  26      8                                                                                                                                                                                                                                                     
  27      8                                                                                                                                                                                                                                                     
  28      8                                                                                                                                                                                                                                                     
  29      8                                                                                                                                                                                                                                                     
  30      8                                                                                                                                                                                                                                                     
  31      8                                                                                                                                                                                                                                                     
  32      8                                                                                                                                                                                                                                                     
  33      9                                                                                                                                                                                                                                                     
  34      9                                                                                                                                                                                                                                                     
  35      9                                                                                                                                                                                                                                                     
  36     10                                                                                                                                                                                                                                                     
  37     10                                                                                                                                                                                                                                                     
  38     11                                                                                                                                                                                                                                                     
  39     11                                                                                                                                                                                                                                                     
  40     12                                                                                                                                                                                                                                                     
  41     13                                                                                                                                                                                                                                                     
  42     14                                                                                                                                                                                                                                                     
  43     17                                                                                                                                                                                                                                                     
  44     21                                                                                                                                                                                                                                                     
  45     34                                                                                                                                                                                                                                                     
  46     86                                                                                                                                                                                                                                                     
