NCR SEM TN GSTDZALL Final Content:RD Level:16 Form:G Other:MA (12DEC07)                                                                                                                                                                                         
   0    125                                                                                                                                                                                                                                                     
   1    125                                                                                                                                                                                                                                                     
   2    125                                                                                                                                                                                                                                                     
   3    125                                                                                                                                                                                                                                                     
   4    125                                                                                                                                                                                                                                                     
   5    125                                                                                                                                                                                                                                                     
   6    125                                                                                                                                                                                                                                                     
   7    108                                                                                                                                                                                                                                                     
   8     61                                                                                                                                                                                                                                                     
   9     41                                                                                                                                                                                                                                                     
  10     30                                                                                                                                                                                                                                                     
  11     23                                                                                                                                                                                                                                                     
  12     20                                                                                                                                                                                                                                                     
  13     17                                                                                                                                                                                                                                                     
  14     16                                                                                                                                                                                                                                                     
  15     15                                                                                                                                                                                                                                                     
  16     14                                                                                                                                                                                                                                                     
  17     13                                                                                                                                                                                                                                                     
  18     13                                                                                                                                                                                                                                                     
  19     12                                                                                                                                                                                                                                                     
  20     12                                                                                                                                                                                                                                                     
  21     12                                                                                                                                                                                                                                                     
  22     11                                                                                                                                                                                                                                                     
  23     11                                                                                                                                                                                                                                                     
  24     11                                                                                                                                                                                                                                                     
  25     11                                                                                                                                                                                                                                                     
  26     11                                                                                                                                                                                                                                                     
  27     11                                                                                                                                                                                                                                                     
  28     11                                                                                                                                                                                                                                                     
  29     10                                                                                                                                                                                                                                                     
  30     10                                                                                                                                                                                                                                                     
  31     10                                                                                                                                                                                                                                                     
  32     11                                                                                                                                                                                                                                                     
  33     11                                                                                                                                                                                                                                                     
  34     11                                                                                                                                                                                                                                                     
  35     11                                                                                                                                                                                                                                                     
  36     11                                                                                                                                                                                                                                                     
  37     11                                                                                                                                                                                                                                                     
  38     12                                                                                                                                                                                                                                                     
  39     12                                                                                                                                                                                                                                                     
  40     13                                                                                                                                                                                                                                                     
  41     13                                                                                                                                                                                                                                                     
  42     14                                                                                                                                                                                                                                                     
  43     14                                                                                                                                                                                                                                                     
  44     15                                                                                                                                                                                                                                                     
  45     17                                                                                                                                                                                                                                                     
  46     18                                                                                                                                                                                                                                                     
  47     20                                                                                                                                                                                                                                                     
  48     23                                                                                                                                                                                                                                                     
  49     27                                                                                                                                                                                                                                                     
  50     34                                                                                                                                                                                                                                                     
  51     40                                                                                                                                                                                                                                                     
  52     40                                                                                                                                                                                                                                                     
