NCR SEM TN GSTDZALL Final Content:RD Level:12 Form:G Other:SV (12DEC07)                                                                                                                                                                                         
   0    106                                                                                                                                                                                                                                                     
   1    106                                                                                                                                                                                                                                                     
   2    106                                                                                                                                                                                                                                                     
   3    106                                                                                                                                                                                                                                                     
   4    106                                                                                                                                                                                                                                                     
   5    106                                                                                                                                                                                                                                                     
   6    106                                                                                                                                                                                                                                                     
   7    106                                                                                                                                                                                                                                                     
   8    106                                                                                                                                                                                                                                                     
   9    106                                                                                                                                                                                                                                                     
  10     83                                                                                                                                                                                                                                                     
  11     54                                                                                                                                                                                                                                                     
  12     38                                                                                                                                                                                                                                                     
  13     30                                                                                                                                                                                                                                                     
  14     25                                                                                                                                                                                                                                                     
  15     21                                                                                                                                                                                                                                                     
  16     19                                                                                                                                                                                                                                                     
  17     17                                                                                                                                                                                                                                                     
  18     16                                                                                                                                                                                                                                                     
  19     15                                                                                                                                                                                                                                                     
  20     14                                                                                                                                                                                                                                                     
  21     13                                                                                                                                                                                                                                                     
  22     13                                                                                                                                                                                                                                                     
  23     13                                                                                                                                                                                                                                                     
  24     12                                                                                                                                                                                                                                                     
  25     12                                                                                                                                                                                                                                                     
  26     12                                                                                                                                                                                                                                                     
  27     12                                                                                                                                                                                                                                                     
  28     12                                                                                                                                                                                                                                                     
  29     12                                                                                                                                                                                                                                                     
  30     12                                                                                                                                                                                                                                                     
  31     13                                                                                                                                                                                                                                                     
  32     13                                                                                                                                                                                                                                                     
  33     14                                                                                                                                                                                                                                                     
  34     14                                                                                                                                                                                                                                                     
  35     15                                                                                                                                                                                                                                                     
  36     16                                                                                                                                                                                                                                                     
  37     18                                                                                                                                                                                                                                                     
  38     21                                                                                                                                                                                                                                                     
  39     29                                                                                                                                                                                                                                                     
  40     60                                                                                                                                                                                                                                                     
