NCR SEM TN GSTDZALL Final Content:RD Level:16 Form:G Other:CB (12DEC07)                                                                                                                                                                                         
   0    132                                                                                                                                                                                                                                                     
   1    132                                                                                                                                                                                                                                                     
   2    132                                                                                                                                                                                                                                                     
   3    132                                                                                                                                                                                                                                                     
   4    132                                                                                                                                                                                                                                                     
   5    132                                                                                                                                                                                                                                                     
   6    132                                                                                                                                                                                                                                                     
   7    132                                                                                                                                                                                                                                                     
   8    132                                                                                                                                                                                                                                                     
   9    126                                                                                                                                                                                                                                                     
  10     52                                                                                                                                                                                                                                                     
  11     35                                                                                                                                                                                                                                                     
  12     25                                                                                                                                                                                                                                                     
  13     20                                                                                                                                                                                                                                                     
  14     17                                                                                                                                                                                                                                                     
  15     15                                                                                                                                                                                                                                                     
  16     14                                                                                                                                                                                                                                                     
  17     13                                                                                                                                                                                                                                                     
  18     12                                                                                                                                                                                                                                                     
  19     12                                                                                                                                                                                                                                                     
  20     11                                                                                                                                                                                                                                                     
  21     11                                                                                                                                                                                                                                                     
  22     11                                                                                                                                                                                                                                                     
  23     10                                                                                                                                                                                                                                                     
  24     10                                                                                                                                                                                                                                                     
  25     10                                                                                                                                                                                                                                                     
  26     10                                                                                                                                                                                                                                                     
  27     10                                                                                                                                                                                                                                                     
  28      9                                                                                                                                                                                                                                                     
  29      9                                                                                                                                                                                                                                                     
  30      9                                                                                                                                                                                                                                                     
  31      9                                                                                                                                                                                                                                                     
  32      9                                                                                                                                                                                                                                                     
  33     10                                                                                                                                                                                                                                                     
  34     10                                                                                                                                                                                                                                                     
  35     10                                                                                                                                                                                                                                                     
  36     10                                                                                                                                                                                                                                                     
  37     11                                                                                                                                                                                                                                                     
  38     11                                                                                                                                                                                                                                                     
  39     12                                                                                                                                                                                                                                                     
  40     13                                                                                                                                                                                                                                                     
  41     14                                                                                                                                                                                                                                                     
  42     15                                                                                                                                                                                                                                                     
  43     17                                                                                                                                                                                                                                                     
  44     21                                                                                                                                                                                                                                                     
  45     31                                                                                                                                                                                                                                                     
  46     57                                                                                                                                                                                                                                                     
