NCR SEM TN GSTDZALL Final Content:RD Level:17 Form:G Other:SV (12DEC07)                                                                                                                                                                                         
   0    127                                                                                                                                                                                                                                                     
   1    127                                                                                                                                                                                                                                                     
   2    127                                                                                                                                                                                                                                                     
   3    127                                                                                                                                                                                                                                                     
   4    127                                                                                                                                                                                                                                                     
   5    127                                                                                                                                                                                                                                                     
   6    127                                                                                                                                                                                                                                                     
   7     55                                                                                                                                                                                                                                                     
   8     35                                                                                                                                                                                                                                                     
   9     25                                                                                                                                                                                                                                                     
  10     20                                                                                                                                                                                                                                                     
  11     17                                                                                                                                                                                                                                                     
  12     16                                                                                                                                                                                                                                                     
  13     14                                                                                                                                                                                                                                                     
  14     14                                                                                                                                                                                                                                                     
  15     13                                                                                                                                                                                                                                                     
  16     12                                                                                                                                                                                                                                                     
  17     12                                                                                                                                                                                                                                                     
  18     12                                                                                                                                                                                                                                                     
  19     12                                                                                                                                                                                                                                                     
  20     12                                                                                                                                                                                                                                                     
  21     12                                                                                                                                                                                                                                                     
  22     12                                                                                                                                                                                                                                                     
  23     12                                                                                                                                                                                                                                                     
  24     12                                                                                                                                                                                                                                                     
  25     12                                                                                                                                                                                                                                                     
  26     12                                                                                                                                                                                                                                                     
  27     12                                                                                                                                                                                                                                                     
  28     13                                                                                                                                                                                                                                                     
  29     14                                                                                                                                                                                                                                                     
  30     16                                                                                                                                                                                                                                                     
  31     22                                                                                                                                                                                                                                                     
  32     39                                                                                                                                                                                                                                                     
  33     85                                                                                                                                                                                                                                                     
