NCR SEM TN GSTDZALL Final Content:RD Level:12 Form:G Other:MA (12DEC07)                                                                                                                                                                                         
   0     71                                                                                                                                                                                                                                                     
   1     71                                                                                                                                                                                                                                                     
   2     71                                                                                                                                                                                                                                                     
   3     71                                                                                                                                                                                                                                                     
   4     71                                                                                                                                                                                                                                                     
   5     71                                                                                                                                                                                                                                                     
   6     71                                                                                                                                                                                                                                                     
   7     71                                                                                                                                                                                                                                                     
   8     71                                                                                                                                                                                                                                                     
   9     71                                                                                                                                                                                                                                                     
  10     71                                                                                                                                                                                                                                                     
  11     59                                                                                                                                                                                                                                                     
  12     42                                                                                                                                                                                                                                                     
  13     33                                                                                                                                                                                                                                                     
  14     28                                                                                                                                                                                                                                                     
  15     24                                                                                                                                                                                                                                                     
  16     22                                                                                                                                                                                                                                                     
  17     20                                                                                                                                                                                                                                                     
  18     19                                                                                                                                                                                                                                                     
  19     17                                                                                                                                                                                                                                                     
  20     16                                                                                                                                                                                                                                                     
  21     16                                                                                                                                                                                                                                                     
  22     15                                                                                                                                                                                                                                                     
  23     14                                                                                                                                                                                                                                                     
  24     14                                                                                                                                                                                                                                                     
  25     13                                                                                                                                                                                                                                                     
  26     13                                                                                                                                                                                                                                                     
  27     12                                                                                                                                                                                                                                                     
  28     12                                                                                                                                                                                                                                                     
  29     12                                                                                                                                                                                                                                                     
  30     12                                                                                                                                                                                                                                                     
  31     11                                                                                                                                                                                                                                                     
  32     11                                                                                                                                                                                                                                                     
  33     11                                                                                                                                                                                                                                                     
  34     11                                                                                                                                                                                                                                                     
  35     11                                                                                                                                                                                                                                                     
  36     11                                                                                                                                                                                                                                                     
  37     11                                                                                                                                                                                                                                                     
  38     11                                                                                                                                                                                                                                                     
  39     11                                                                                                                                                                                                                                                     
  40     11                                                                                                                                                                                                                                                     
  41     11                                                                                                                                                                                                                                                     
  42     11                                                                                                                                                                                                                                                     
  43     11                                                                                                                                                                                                                                                     
  44     11                                                                                                                                                                                                                                                     
  45     11                                                                                                                                                                                                                                                     
  46     11                                                                                                                                                                                                                                                     
  47     12                                                                                                                                                                                                                                                     
  48     12                                                                                                                                                                                                                                                     
  49     12                                                                                                                                                                                                                                                     
  50     13                                                                                                                                                                                                                                                     
  51     13                                                                                                                                                                                                                                                     
  52     14                                                                                                                                                                                                                                                     
  53     14                                                                                                                                                                                                                                                     
  54     15                                                                                                                                                                                                                                                     
  55     16                                                                                                                                                                                                                                                     
  56     18                                                                                                                                                                                                                                                     
  57     20                                                                                                                                                                                                                                                     
  58     24                                                                                                                                                                                                                                                     
  59     36                                                                                                                                                                                                                                                     
  60     48                                                                                                                                                                                                                                                     
