NCR SEM TN GSTDZALL Final Content:RD Level:16 Form:G Other:SV (12DEC07)                                                                                                                                                                                         
   0    136                                                                                                                                                                                                                                                     
   1    136                                                                                                                                                                                                                                                     
   2    136                                                                                                                                                                                                                                                     
   3    136                                                                                                                                                                                                                                                     
   4    136                                                                                                                                                                                                                                                     
   5    136                                                                                                                                                                                                                                                     
   6    136                                                                                                                                                                                                                                                     
   7     70                                                                                                                                                                                                                                                     
   8     41                                                                                                                                                                                                                                                     
   9     27                                                                                                                                                                                                                                                     
  10     21                                                                                                                                                                                                                                                     
  11     18                                                                                                                                                                                                                                                     
  12     16                                                                                                                                                                                                                                                     
  13     15                                                                                                                                                                                                                                                     
  14     14                                                                                                                                                                                                                                                     
  15     13                                                                                                                                                                                                                                                     
  16     13                                                                                                                                                                                                                                                     
  17     12                                                                                                                                                                                                                                                     
  18     12                                                                                                                                                                                                                                                     
  19     12                                                                                                                                                                                                                                                     
  20     11                                                                                                                                                                                                                                                     
  21     11                                                                                                                                                                                                                                                     
  22     11                                                                                                                                                                                                                                                     
  23     11                                                                                                                                                                                                                                                     
  24     11                                                                                                                                                                                                                                                     
  25     12                                                                                                                                                                                                                                                     
  26     12                                                                                                                                                                                                                                                     
  27     13                                                                                                                                                                                                                                                     
  28     14                                                                                                                                                                                                                                                     
  29     15                                                                                                                                                                                                                                                     
  30     18                                                                                                                                                                                                                                                     
  31     22                                                                                                                                                                                                                                                     
  32     31                                                                                                                                                                                                                                                     
  33     73                                                                                                                                                                                                                                                     
