NCR SEM TN GSTDZALL Final Content:RD Level:15 Form:G Other:SV (12DEC07)                                                                                                                                                                                         
   0    135                                                                                                                                                                                                                                                     
   1    135                                                                                                                                                                                                                                                     
   2    135                                                                                                                                                                                                                                                     
   3    135                                                                                                                                                                                                                                                     
   4    135                                                                                                                                                                                                                                                     
   5    135                                                                                                                                                                                                                                                     
   6    126                                                                                                                                                                                                                                                     
   7     59                                                                                                                                                                                                                                                     
   8     38                                                                                                                                                                                                                                                     
   9     26                                                                                                                                                                                                                                                     
  10     20                                                                                                                                                                                                                                                     
  11     17                                                                                                                                                                                                                                                     
  12     15                                                                                                                                                                                                                                                     
  13     14                                                                                                                                                                                                                                                     
  14     13                                                                                                                                                                                                                                                     
  15     12                                                                                                                                                                                                                                                     
  16     12                                                                                                                                                                                                                                                     
  17     11                                                                                                                                                                                                                                                     
  18     11                                                                                                                                                                                                                                                     
  19     11                                                                                                                                                                                                                                                     
  20     10                                                                                                                                                                                                                                                     
  21     10                                                                                                                                                                                                                                                     
  22     10                                                                                                                                                                                                                                                     
  23     11                                                                                                                                                                                                                                                     
  24     11                                                                                                                                                                                                                                                     
  25     11                                                                                                                                                                                                                                                     
  26     12                                                                                                                                                                                                                                                     
  27     12                                                                                                                                                                                                                                                     
  28     13                                                                                                                                                                                                                                                     
  29     14                                                                                                                                                                                                                                                     
  30     16                                                                                                                                                                                                                                                     
  31     20                                                                                                                                                                                                                                                     
  32     30                                                                                                                                                                                                                                                     
  33     85                                                                                                                                                                                                                                                     
