NCR SEM TN GSTDZALL Final Content:RD Level:11 Form:G Other:CB (12DEC07)                                                                                                                                                                                         
   0     91                                                                                                                                                                                                                                                     
   1     91                                                                                                                                                                                                                                                     
   2     91                                                                                                                                                                                                                                                     
   3     91                                                                                                                                                                                                                                                     
   4     91                                                                                                                                                                                                                                                     
   5     91                                                                                                                                                                                                                                                     
   6     91                                                                                                                                                                                                                                                     
   7     91                                                                                                                                                                                                                                                     
   8     91                                                                                                                                                                                                                                                     
   9     91                                                                                                                                                                                                                                                     
  10     91                                                                                                                                                                                                                                                     
  11     91                                                                                                                                                                                                                                                     
  12     91                                                                                                                                                                                                                                                     
  13     91                                                                                                                                                                                                                                                     
  14     64                                                                                                                                                                                                                                                     
  15     46                                                                                                                                                                                                                                                     
  16     36                                                                                                                                                                                                                                                     
  17     31                                                                                                                                                                                                                                                     
  18     27                                                                                                                                                                                                                                                     
  19     25                                                                                                                                                                                                                                                     
  20     22                                                                                                                                                                                                                                                     
  21     21                                                                                                                                                                                                                                                     
  22     19                                                                                                                                                                                                                                                     
  23     18                                                                                                                                                                                                                                                     
  24     17                                                                                                                                                                                                                                                     
  25     16                                                                                                                                                                                                                                                     
  26     15                                                                                                                                                                                                                                                     
  27     15                                                                                                                                                                                                                                                     
  28     14                                                                                                                                                                                                                                                     
  29     14                                                                                                                                                                                                                                                     
  30     14                                                                                                                                                                                                                                                     
  31     14                                                                                                                                                                                                                                                     
  32     14                                                                                                                                                                                                                                                     
  33     15                                                                                                                                                                                                                                                     
  34     15                                                                                                                                                                                                                                                     
  35     16                                                                                                                                                                                                                                                     
  36     18                                                                                                                                                                                                                                                     
  37     20                                                                                                                                                                                                                                                     
  38     25                                                                                                                                                                                                                                                     
  39     37                                                                                                                                                                                                                                                     
  40     72                                                                                                                                                                                                                                                     
