NCR SEM TN GSTDZALL Final Content:RD Level:20 Form:G Other:MA (12DEC07)                                                                                                                                                                                         
   0    116                                                                                                                                                                                                                                                     
   1    116                                                                                                                                                                                                                                                     
   2    116                                                                                                                                                                                                                                                     
   3    116                                                                                                                                                                                                                                                     
   4    116                                                                                                                                                                                                                                                     
   5    116                                                                                                                                                                                                                                                     
   6    116                                                                                                                                                                                                                                                     
   7     96                                                                                                                                                                                                                                                     
   8     61                                                                                                                                                                                                                                                     
   9     41                                                                                                                                                                                                                                                     
  10     32                                                                                                                                                                                                                                                     
  11     26                                                                                                                                                                                                                                                     
  12     22                                                                                                                                                                                                                                                     
  13     20                                                                                                                                                                                                                                                     
  14     18                                                                                                                                                                                                                                                     
  15     16                                                                                                                                                                                                                                                     
  16     15                                                                                                                                                                                                                                                     
  17     15                                                                                                                                                                                                                                                     
  18     14                                                                                                                                                                                                                                                     
  19     13                                                                                                                                                                                                                                                     
  20     13                                                                                                                                                                                                                                                     
  21     13                                                                                                                                                                                                                                                     
  22     12                                                                                                                                                                                                                                                     
  23     12                                                                                                                                                                                                                                                     
  24     12                                                                                                                                                                                                                                                     
  25     12                                                                                                                                                                                                                                                     
  26     12                                                                                                                                                                                                                                                     
  27     12                                                                                                                                                                                                                                                     
  28     12                                                                                                                                                                                                                                                     
  29     12                                                                                                                                                                                                                                                     
  30     12                                                                                                                                                                                                                                                     
  31     12                                                                                                                                                                                                                                                     
  32     12                                                                                                                                                                                                                                                     
  33     13                                                                                                                                                                                                                                                     
  34     13                                                                                                                                                                                                                                                     
  35     13                                                                                                                                                                                                                                                     
  36     14                                                                                                                                                                                                                                                     
  37     14                                                                                                                                                                                                                                                     
  38     15                                                                                                                                                                                                                                                     
  39     15                                                                                                                                                                                                                                                     
  40     16                                                                                                                                                                                                                                                     
  41     18                                                                                                                                                                                                                                                     
  42     19                                                                                                                                                                                                                                                     
  43     21                                                                                                                                                                                                                                                     
  44     24                                                                                                                                                                                                                                                     
  45     29                                                                                                                                                                                                                                                     
  46     38                                                                                                                                                                                                                                                     
  47     40                                                                                                                                                                                                                                                     
  48     40                                                                                                                                                                                                                                                     
