NCR SEM TN GSTDZALL Final Content:RD Level:14 Form:G Other:SV (12DEC07)                                                                                                                                                                                         
   0    155                                                                                                                                                                                                                                                     
   1    155                                                                                                                                                                                                                                                     
   2    155                                                                                                                                                                                                                                                     
   3    155                                                                                                                                                                                                                                                     
   4    155                                                                                                                                                                                                                                                     
   5    155                                                                                                                                                                                                                                                     
   6    101                                                                                                                                                                                                                                                     
   7     44                                                                                                                                                                                                                                                     
   8     28                                                                                                                                                                                                                                                     
   9     21                                                                                                                                                                                                                                                     
  10     17                                                                                                                                                                                                                                                     
  11     15                                                                                                                                                                                                                                                     
  12     14                                                                                                                                                                                                                                                     
  13     13                                                                                                                                                                                                                                                     
  14     12                                                                                                                                                                                                                                                     
  15     11                                                                                                                                                                                                                                                     
  16     10                                                                                                                                                                                                                                                     
  17     10                                                                                                                                                                                                                                                     
  18     10                                                                                                                                                                                                                                                     
  19     10                                                                                                                                                                                                                                                     
  20      9                                                                                                                                                                                                                                                     
  21      9                                                                                                                                                                                                                                                     
  22     10                                                                                                                                                                                                                                                     
  23     10                                                                                                                                                                                                                                                     
  24     10                                                                                                                                                                                                                                                     
  25     11                                                                                                                                                                                                                                                     
  26     11                                                                                                                                                                                                                                                     
  27     12                                                                                                                                                                                                                                                     
  28     13                                                                                                                                                                                                                                                     
  29     14                                                                                                                                                                                                                                                     
  30     16                                                                                                                                                                                                                                                     
  31     19                                                                                                                                                                                                                                                     
  32     32                                                                                                                                                                                                                                                     
  33    101                                                                                                                                                                                                                                                     
