NCR SEM TN GSTDZALL Final Content:RD Level:13 Form:G Other:MA (12DEC07)                                                                                                                                                                                         
   0    139                                                                                                                                                                                                                                                     
   1    139                                                                                                                                                                                                                                                     
   2    139                                                                                                                                                                                                                                                     
   3    139                                                                                                                                                                                                                                                     
   4    139                                                                                                                                                                                                                                                     
   5    139                                                                                                                                                                                                                                                     
   6    139                                                                                                                                                                                                                                                     
   7     60                                                                                                                                                                                                                                                     
   8     39                                                                                                                                                                                                                                                     
   9     28                                                                                                                                                                                                                                                     
  10     23                                                                                                                                                                                                                                                     
  11     19                                                                                                                                                                                                                                                     
  12     17                                                                                                                                                                                                                                                     
  13     16                                                                                                                                                                                                                                                     
  14     15                                                                                                                                                                                                                                                     
  15     14                                                                                                                                                                                                                                                     
  16     13                                                                                                                                                                                                                                                     
  17     12                                                                                                                                                                                                                                                     
  18     12                                                                                                                                                                                                                                                     
  19     11                                                                                                                                                                                                                                                     
  20     11                                                                                                                                                                                                                                                     
  21     11                                                                                                                                                                                                                                                     
  22     11                                                                                                                                                                                                                                                     
  23     11                                                                                                                                                                                                                                                     
  24     10                                                                                                                                                                                                                                                     
  25     10                                                                                                                                                                                                                                                     
  26     10                                                                                                                                                                                                                                                     
  27     10                                                                                                                                                                                                                                                     
  28     10                                                                                                                                                                                                                                                     
  29     11                                                                                                                                                                                                                                                     
  30     11                                                                                                                                                                                                                                                     
  31     12                                                                                                                                                                                                                                                     
  32     12                                                                                                                                                                                                                                                     
  33     13                                                                                                                                                                                                                                                     
  34     14                                                                                                                                                                                                                                                     
  35     16                                                                                                                                                                                                                                                     
  36     18                                                                                                                                                                                                                                                     
  37     23                                                                                                                                                                                                                                                     
  38     35                                                                                                                                                                                                                                                     
  39     55                                                                                                                                                                                                                                                     
