NCR SEM TN GSTDZALL Final Content:SC Level:18 Form:G Other:MA (13SEP07)                                                                                                                                                                                         
   0    141                                                                                                                                                                                                                                                     
   1    141                                                                                                                                                                                                                                                     
   2    141                                                                                                                                                                                                                                                     
   3    141                                                                                                                                                                                                                                                     
   4    141                                                                                                                                                                                                                                                     
   5    141                                                                                                                                                                                                                                                     
   6     67                                                                                                                                                                                                                                                     
   7     42                                                                                                                                                                                                                                                     
   8     31                                                                                                                                                                                                                                                     
   9     25                                                                                                                                                                                                                                                     
  10     22                                                                                                                                                                                                                                                     
  11     19                                                                                                                                                                                                                                                     
  12     18                                                                                                                                                                                                                                                     
  13     17                                                                                                                                                                                                                                                     
  14     16                                                                                                                                                                                                                                                     
  15     15                                                                                                                                                                                                                                                     
  16     15                                                                                                                                                                                                                                                     
  17     14                                                                                                                                                                                                                                                     
  18     14                                                                                                                                                                                                                                                     
  19     14                                                                                                                                                                                                                                                     
  20     13                                                                                                                                                                                                                                                     
  21     13                                                                                                                                                                                                                                                     
  22     13                                                                                                                                                                                                                                                     
  23     13                                                                                                                                                                                                                                                     
  24     13                                                                                                                                                                                                                                                     
  25     13                                                                                                                                                                                                                                                     
  26     13                                                                                                                                                                                                                                                     
  27     13                                                                                                                                                                                                                                                     
  28     13                                                                                                                                                                                                                                                     
  29     13                                                                                                                                                                                                                                                     
  30     13                                                                                                                                                                                                                                                     
  31     13                                                                                                                                                                                                                                                     
  32     13                                                                                                                                                                                                                                                     
  33     14                                                                                                                                                                                                                                                     
  34     14                                                                                                                                                                                                                                                     
  35     14                                                                                                                                                                                                                                                     
  36     15                                                                                                                                                                                                                                                     
  37     17                                                                                                                                                                                                                                                     
  38     20                                                                                                                                                                                                                                                     
  39     25                                                                                                                                                                                                                                                     
  40     38                                                                                                                                                                                                                                                     
  41     55                                                                                                                                                                                                                                                     
