NCR SEM TN GSTDZALL Final Content:SC Level:13 Form:G Other:CB (13SEP07)                                                                                                                                                                                         
   0    138                                                                                                                                                                                                                                                     
   1    138                                                                                                                                                                                                                                                     
   2    138                                                                                                                                                                                                                                                     
   3    138                                                                                                                                                                                                                                                     
   4    138                                                                                                                                                                                                                                                     
   5    138                                                                                                                                                                                                                                                     
   6    138                                                                                                                                                                                                                                                     
   7     99                                                                                                                                                                                                                                                     
   8     55                                                                                                                                                                                                                                                     
   9     37                                                                                                                                                                                                                                                     
  10     28                                                                                                                                                                                                                                                     
  11     24                                                                                                                                                                                                                                                     
  12     21                                                                                                                                                                                                                                                     
  13     19                                                                                                                                                                                                                                                     
  14     18                                                                                                                                                                                                                                                     
  15     18                                                                                                                                                                                                                                                     
  16     17                                                                                                                                                                                                                                                     
  17     17                                                                                                                                                                                                                                                     
  18     17                                                                                                                                                                                                                                                     
  19     17                                                                                                                                                                                                                                                     
  20     17                                                                                                                                                                                                                                                     
  21     17                                                                                                                                                                                                                                                     
  22     17                                                                                                                                                                                                                                                     
  23     18                                                                                                                                                                                                                                                     
  24     18                                                                                                                                                                                                                                                     
  25     19                                                                                                                                                                                                                                                     
  26     19                                                                                                                                                                                                                                                     
  27     20                                                                                                                                                                                                                                                     
  28     21                                                                                                                                                                                                                                                     
  29     22                                                                                                                                                                                                                                                     
  30     23                                                                                                                                                                                                                                                     
  31     24                                                                                                                                                                                                                                                     
  32     26                                                                                                                                                                                                                                                     
  33     33                                                                                                                                                                                                                                                     
  34     49                                                                                                                                                                                                                                                     
  35     49                                                                                                                                                                                                                                                     
