NCR SEM TN GSTDZALL Final Content:SC Level:16 Form:G Other:MA (13SEP07)                                                                                                                                                                                         
   0    121                                                                                                                                                                                                                                                     
   1    121                                                                                                                                                                                                                                                     
   2    121                                                                                                                                                                                                                                                     
   3    121                                                                                                                                                                                                                                                     
   4    121                                                                                                                                                                                                                                                     
   5    121                                                                                                                                                                                                                                                     
   6     73                                                                                                                                                                                                                                                     
   7     46                                                                                                                                                                                                                                                     
   8     33                                                                                                                                                                                                                                                     
   9     26                                                                                                                                                                                                                                                     
  10     23                                                                                                                                                                                                                                                     
  11     20                                                                                                                                                                                                                                                     
  12     19                                                                                                                                                                                                                                                     
  13     18                                                                                                                                                                                                                                                     
  14     17                                                                                                                                                                                                                                                     
  15     16                                                                                                                                                                                                                                                     
  16     16                                                                                                                                                                                                                                                     
  17     15                                                                                                                                                                                                                                                     
  18     15                                                                                                                                                                                                                                                     
  19     14                                                                                                                                                                                                                                                     
  20     14                                                                                                                                                                                                                                                     
  21     14                                                                                                                                                                                                                                                     
  22     14                                                                                                                                                                                                                                                     
  23     13                                                                                                                                                                                                                                                     
  24     13                                                                                                                                                                                                                                                     
  25     13                                                                                                                                                                                                                                                     
  26     13                                                                                                                                                                                                                                                     
  27     13                                                                                                                                                                                                                                                     
  28     13                                                                                                                                                                                                                                                     
  29     13                                                                                                                                                                                                                                                     
  30     14                                                                                                                                                                                                                                                     
  31     14                                                                                                                                                                                                                                                     
  32     14                                                                                                                                                                                                                                                     
  33     15                                                                                                                                                                                                                                                     
  34     15                                                                                                                                                                                                                                                     
  35     16                                                                                                                                                                                                                                                     
  36     17                                                                                                                                                                                                                                                     
  37     18                                                                                                                                                                                                                                                     
  38     20                                                                                                                                                                                                                                                     
  39     22                                                                                                                                                                                                                                                     
  40     26                                                                                                                                                                                                                                                     
  41     33                                                                                                                                                                                                                                                     
  42     52                                                                                                                                                                                                                                                     
  43     53                                                                                                                                                                                                                                                     
