NCR SEM TN GSTDZALL Final Content:SC Level:17 Form:G Other:CB (13SEP07)                                                                                                                                                                                         
   0    149                                                                                                                                                                                                                                                     
   1    149                                                                                                                                                                                                                                                     
   2    149                                                                                                                                                                                                                                                     
   3    149                                                                                                                                                                                                                                                     
   4    149                                                                                                                                                                                                                                                     
   5    149                                                                                                                                                                                                                                                     
   6    149                                                                                                                                                                                                                                                     
   7    149                                                                                                                                                                                                                                                     
   8    123                                                                                                                                                                                                                                                     
   9     66                                                                                                                                                                                                                                                     
  10     44                                                                                                                                                                                                                                                     
  11     31                                                                                                                                                                                                                                                     
  12     25                                                                                                                                                                                                                                                     
  13     21                                                                                                                                                                                                                                                     
  14     19                                                                                                                                                                                                                                                     
  15     17                                                                                                                                                                                                                                                     
  16     16                                                                                                                                                                                                                                                     
  17     15                                                                                                                                                                                                                                                     
  18     15                                                                                                                                                                                                                                                     
  19     14                                                                                                                                                                                                                                                     
  20     14                                                                                                                                                                                                                                                     
  21     13                                                                                                                                                                                                                                                     
  22     13                                                                                                                                                                                                                                                     
  23     13                                                                                                                                                                                                                                                     
  24     13                                                                                                                                                                                                                                                     
  25     12                                                                                                                                                                                                                                                     
  26     12                                                                                                                                                                                                                                                     
  27     12                                                                                                                                                                                                                                                     
  28     12                                                                                                                                                                                                                                                     
  29     13                                                                                                                                                                                                                                                     
  30     13                                                                                                                                                                                                                                                     
  31     13                                                                                                                                                                                                                                                     
  32     13                                                                                                                                                                                                                                                     
  33     14                                                                                                                                                                                                                                                     
  34     15                                                                                                                                                                                                                                                     
  35     17                                                                                                                                                                                                                                                     
  36     20                                                                                                                                                                                                                                                     
  37     24                                                                                                                                                                                                                                                     
  38     33                                                                                                                                                                                                                                                     
  39     54                                                                                                                                                                                                                                                     
  40     75                                                                                                                                                                                                                                                     
