NCR SEM TN GSTDZALL Final Content:SC Level:20 Form:G Other:MA (13SEP07)                                                                                                                                                                                         
   0    148                                                                                                                                                                                                                                                     
   1    148                                                                                                                                                                                                                                                     
   2    148                                                                                                                                                                                                                                                     
   3    148                                                                                                                                                                                                                                                     
   4    148                                                                                                                                                                                                                                                     
   5    148                                                                                                                                                                                                                                                     
   6     75                                                                                                                                                                                                                                                     
   7     47                                                                                                                                                                                                                                                     
   8     33                                                                                                                                                                                                                                                     
   9     26                                                                                                                                                                                                                                                     
  10     22                                                                                                                                                                                                                                                     
  11     19                                                                                                                                                                                                                                                     
  12     17                                                                                                                                                                                                                                                     
  13     16                                                                                                                                                                                                                                                     
  14     15                                                                                                                                                                                                                                                     
  15     14                                                                                                                                                                                                                                                     
  16     14                                                                                                                                                                                                                                                     
  17     13                                                                                                                                                                                                                                                     
  18     13                                                                                                                                                                                                                                                     
  19     13                                                                                                                                                                                                                                                     
  20     12                                                                                                                                                                                                                                                     
  21     12                                                                                                                                                                                                                                                     
  22     12                                                                                                                                                                                                                                                     
  23     12                                                                                                                                                                                                                                                     
  24     12                                                                                                                                                                                                                                                     
  25     12                                                                                                                                                                                                                                                     
  26     12                                                                                                                                                                                                                                                     
  27     12                                                                                                                                                                                                                                                     
  28     12                                                                                                                                                                                                                                                     
  29     12                                                                                                                                                                                                                                                     
  30     12                                                                                                                                                                                                                                                     
  31     12                                                                                                                                                                                                                                                     
  32     13                                                                                                                                                                                                                                                     
  33     13                                                                                                                                                                                                                                                     
  34     13                                                                                                                                                                                                                                                     
  35     14                                                                                                                                                                                                                                                     
  36     15                                                                                                                                                                                                                                                     
  37     16                                                                                                                                                                                                                                                     
  38     18                                                                                                                                                                                                                                                     
  39     20                                                                                                                                                                                                                                                     
  40     24                                                                                                                                                                                                                                                     
  41     32                                                                                                                                                                                                                                                     
  42     51                                                                                                                                                                                                                                                     
  43     73                                                                                                                                                                                                                                                     
