NCR SEM TN GSTDZALL Final Content:SC Level:16 Form:G Other:CB (13SEP07)                                                                                                                                                                                         
   0    135                                                                                                                                                                                                                                                     
   1    135                                                                                                                                                                                                                                                     
   2    135                                                                                                                                                                                                                                                     
   3    135                                                                                                                                                                                                                                                     
   4    135                                                                                                                                                                                                                                                     
   5    135                                                                                                                                                                                                                                                     
   6    135                                                                                                                                                                                                                                                     
   7    135                                                                                                                                                                                                                                                     
   8     95                                                                                                                                                                                                                                                     
   9     57                                                                                                                                                                                                                                                     
  10     39                                                                                                                                                                                                                                                     
  11     30                                                                                                                                                                                                                                                     
  12     26                                                                                                                                                                                                                                                     
  13     23                                                                                                                                                                                                                                                     
  14     21                                                                                                                                                                                                                                                     
  15     19                                                                                                                                                                                                                                                     
  16     18                                                                                                                                                                                                                                                     
  17     17                                                                                                                                                                                                                                                     
  18     16                                                                                                                                                                                                                                                     
  19     16                                                                                                                                                                                                                                                     
  20     15                                                                                                                                                                                                                                                     
  21     14                                                                                                                                                                                                                                                     
  22     14                                                                                                                                                                                                                                                     
  23     13                                                                                                                                                                                                                                                     
  24     13                                                                                                                                                                                                                                                     
  25     13                                                                                                                                                                                                                                                     
  26     13                                                                                                                                                                                                                                                     
  27     12                                                                                                                                                                                                                                                     
  28     12                                                                                                                                                                                                                                                     
  29     12                                                                                                                                                                                                                                                     
  30     13                                                                                                                                                                                                                                                     
  31     13                                                                                                                                                                                                                                                     
  32     13                                                                                                                                                                                                                                                     
  33     14                                                                                                                                                                                                                                                     
  34     14                                                                                                                                                                                                                                                     
  35     16                                                                                                                                                                                                                                                     
  36     18                                                                                                                                                                                                                                                     
  37     22                                                                                                                                                                                                                                                     
  38     31                                                                                                                                                                                                                                                     
  39     53                                                                                                                                                                                                                                                     
  40     73                                                                                                                                                                                                                                                     
