NCR SEM TN GSTDZALL Final Content:SC Level:13 Form:G Other:MA (13SEP07)                                                                                                                                                                                         
   0    124                                                                                                                                                                                                                                                     
   1    124                                                                                                                                                                                                                                                     
   2    124                                                                                                                                                                                                                                                     
   3    124                                                                                                                                                                                                                                                     
   4    107                                                                                                                                                                                                                                                     
   5     54                                                                                                                                                                                                                                                     
   6     34                                                                                                                                                                                                                                                     
   7     26                                                                                                                                                                                                                                                     
   8     22                                                                                                                                                                                                                                                     
   9     20                                                                                                                                                                                                                                                     
  10     18                                                                                                                                                                                                                                                     
  11     17                                                                                                                                                                                                                                                     
  12     16                                                                                                                                                                                                                                                     
  13     15                                                                                                                                                                                                                                                     
  14     15                                                                                                                                                                                                                                                     
  15     15                                                                                                                                                                                                                                                     
  16     15                                                                                                                                                                                                                                                     
  17     15                                                                                                                                                                                                                                                     
  18     15                                                                                                                                                                                                                                                     
  19     15                                                                                                                                                                                                                                                     
  20     15                                                                                                                                                                                                                                                     
  21     15                                                                                                                                                                                                                                                     
  22     15                                                                                                                                                                                                                                                     
  23     15                                                                                                                                                                                                                                                     
  24     16                                                                                                                                                                                                                                                     
  25     16                                                                                                                                                                                                                                                     
  26     17                                                                                                                                                                                                                                                     
  27     17                                                                                                                                                                                                                                                     
  28     18                                                                                                                                                                                                                                                     
  29     19                                                                                                                                                                                                                                                     
  30     20                                                                                                                                                                                                                                                     
  31     21                                                                                                                                                                                                                                                     
  32     23                                                                                                                                                                                                                                                     
  33     26                                                                                                                                                                                                                                                     
  34     31                                                                                                                                                                                                                                                     
  35     44                                                                                                                                                                                                                                                     
  36     50                                                                                                                                                                                                                                                     
