NCR SEM TN GSTDZALL Final Content:SC Level:15 Form:G Other:MA (13SEP07)                                                                                                                                                                                         
   0    148                                                                                                                                                                                                                                                     
   1    148                                                                                                                                                                                                                                                     
   2    148                                                                                                                                                                                                                                                     
   3    148                                                                                                                                                                                                                                                     
   4    148                                                                                                                                                                                                                                                     
   5    148                                                                                                                                                                                                                                                     
   6     83                                                                                                                                                                                                                                                     
   7     51                                                                                                                                                                                                                                                     
   8     34                                                                                                                                                                                                                                                     
   9     27                                                                                                                                                                                                                                                     
  10     23                                                                                                                                                                                                                                                     
  11     20                                                                                                                                                                                                                                                     
  12     18                                                                                                                                                                                                                                                     
  13     17                                                                                                                                                                                                                                                     
  14     16                                                                                                                                                                                                                                                     
  15     15                                                                                                                                                                                                                                                     
  16     15                                                                                                                                                                                                                                                     
  17     14                                                                                                                                                                                                                                                     
  18     14                                                                                                                                                                                                                                                     
  19     13                                                                                                                                                                                                                                                     
  20     13                                                                                                                                                                                                                                                     
  21     12                                                                                                                                                                                                                                                     
  22     12                                                                                                                                                                                                                                                     
  23     12                                                                                                                                                                                                                                                     
  24     12                                                                                                                                                                                                                                                     
  25     12                                                                                                                                                                                                                                                     
  26     12                                                                                                                                                                                                                                                     
  27     11                                                                                                                                                                                                                                                     
  28     11                                                                                                                                                                                                                                                     
  29     12                                                                                                                                                                                                                                                     
  30     12                                                                                                                                                                                                                                                     
  31     12                                                                                                                                                                                                                                                     
  32     12                                                                                                                                                                                                                                                     
  33     12                                                                                                                                                                                                                                                     
  34     12                                                                                                                                                                                                                                                     
  35     13                                                                                                                                                                                                                                                     
  36     14                                                                                                                                                                                                                                                     
  37     15                                                                                                                                                                                                                                                     
  38     16                                                                                                                                                                                                                                                     
  39     19                                                                                                                                                                                                                                                     
  40     24                                                                                                                                                                                                                                                     
  41     36                                                                                                                                                                                                                                                     
  42     60                                                                                                                                                                                                                                                     
