NCR SEM TN GSTDZALL Final Content:SC Level:12 Form:G Other:MA (13SEP07)                                                                                                                                                                                         
   0    109                                                                                                                                                                                                                                                     
   1    109                                                                                                                                                                                                                                                     
   2    109                                                                                                                                                                                                                                                     
   3    109                                                                                                                                                                                                                                                     
   4    109                                                                                                                                                                                                                                                     
   5    109                                                                                                                                                                                                                                                     
   6     64                                                                                                                                                                                                                                                     
   7     42                                                                                                                                                                                                                                                     
   8     31                                                                                                                                                                                                                                                     
   9     26                                                                                                                                                                                                                                                     
  10     22                                                                                                                                                                                                                                                     
  11     20                                                                                                                                                                                                                                                     
  12     18                                                                                                                                                                                                                                                     
  13     17                                                                                                                                                                                                                                                     
  14     17                                                                                                                                                                                                                                                     
  15     17                                                                                                                                                                                                                                                     
  16     16                                                                                                                                                                                                                                                     
  17     17                                                                                                                                                                                                                                                     
  18     17                                                                                                                                                                                                                                                     
  19     18                                                                                                                                                                                                                                                     
  20     18                                                                                                                                                                                                                                                     
  21     19                                                                                                                                                                                                                                                     
  22     20                                                                                                                                                                                                                                                     
  23     21                                                                                                                                                                                                                                                     
  24     22                                                                                                                                                                                                                                                     
  25     23                                                                                                                                                                                                                                                     
  26     24                                                                                                                                                                                                                                                     
  27     25                                                                                                                                                                                                                                                     
  28     27                                                                                                                                                                                                                                                     
  29     31                                                                                                                                                                                                                                                     
  30     42                                                                                                                                                                                                                                                     
  31     86                                                                                                                                                                                                                                                     
