NCR SEM TN GSTDZALL Final Content:SC Level:11 Form:G Other:MA (13SEP07)                                                                                                                                                                                         
   0    103                                                                                                                                                                                                                                                     
   1    103                                                                                                                                                                                                                                                     
   2    103                                                                                                                                                                                                                                                     
   3    103                                                                                                                                                                                                                                                     
   4    103                                                                                                                                                                                                                                                     
   5    103                                                                                                                                                                                                                                                     
   6    103                                                                                                                                                                                                                                                     
   7     70                                                                                                                                                                                                                                                     
   8     45                                                                                                                                                                                                                                                     
   9     32                                                                                                                                                                                                                                                     
  10     26                                                                                                                                                                                                                                                     
  11     22                                                                                                                                                                                                                                                     
  12     19                                                                                                                                                                                                                                                     
  13     17                                                                                                                                                                                                                                                     
  14     16                                                                                                                                                                                                                                                     
  15     15                                                                                                                                                                                                                                                     
  16     15                                                                                                                                                                                                                                                     
  17     14                                                                                                                                                                                                                                                     
  18     14                                                                                                                                                                                                                                                     
  19     14                                                                                                                                                                                                                                                     
  20     15                                                                                                                                                                                                                                                     
  21     15                                                                                                                                                                                                                                                     
  22     16                                                                                                                                                                                                                                                     
  23     17                                                                                                                                                                                                                                                     
  24     18                                                                                                                                                                                                                                                     
  25     19                                                                                                                                                                                                                                                     
  26     20                                                                                                                                                                                                                                                     
  27     22                                                                                                                                                                                                                                                     
  28     26                                                                                                                                                                                                                                                     
  29     29                                                                                                                                                                                                                                                     
  30     28                                                                                                                                                                                                                                                     
  31     25                                                                                                                                                                                                                                                     
  32     36                                                                                                                                                                                                                                                     
  33     83                                                                                                                                                                                                                                                     
