NCR SEM TN GSTDZALL Final Content:SC Level:21 Form:G Other:MA (13SEP07)                                                                                                                                                                                         
   0    128                                                                                                                                                                                                                                                     
   1    128                                                                                                                                                                                                                                                     
   2    128                                                                                                                                                                                                                                                     
   3    128                                                                                                                                                                                                                                                     
   4    128                                                                                                                                                                                                                                                     
   5    128                                                                                                                                                                                                                                                     
   6     77                                                                                                                                                                                                                                                     
   7     50                                                                                                                                                                                                                                                     
   8     38                                                                                                                                                                                                                                                     
   9     31                                                                                                                                                                                                                                                     
  10     26                                                                                                                                                                                                                                                     
  11     23                                                                                                                                                                                                                                                     
  12     20                                                                                                                                                                                                                                                     
  13     19                                                                                                                                                                                                                                                     
  14     17                                                                                                                                                                                                                                                     
  15     16                                                                                                                                                                                                                                                     
  16     15                                                                                                                                                                                                                                                     
  17     15                                                                                                                                                                                                                                                     
  18     14                                                                                                                                                                                                                                                     
  19     14                                                                                                                                                                                                                                                     
  20     13                                                                                                                                                                                                                                                     
  21     13                                                                                                                                                                                                                                                     
  22     13                                                                                                                                                                                                                                                     
  23     12                                                                                                                                                                                                                                                     
  24     12                                                                                                                                                                                                                                                     
  25     12                                                                                                                                                                                                                                                     
  26     11                                                                                                                                                                                                                                                     
  27     11                                                                                                                                                                                                                                                     
  28     11                                                                                                                                                                                                                                                     
  29     11                                                                                                                                                                                                                                                     
  30     11                                                                                                                                                                                                                                                     
  31     11                                                                                                                                                                                                                                                     
  32     11                                                                                                                                                                                                                                                     
  33     12                                                                                                                                                                                                                                                     
  34     13                                                                                                                                                                                                                                                     
  35     14                                                                                                                                                                                                                                                     
  36     15                                                                                                                                                                                                                                                     
  37     17                                                                                                                                                                                                                                                     
  38     19                                                                                                                                                                                                                                                     
  39     22                                                                                                                                                                                                                                                     
  40     28                                                                                                                                                                                                                                                     
  41     41                                                                                                                                                                                                                                                     
  42     76                                                                                                                                                                                                                                                     
