NCR SEM TN GSTDZALL Final Content:SC Level:19 Form:G Other:MA (13SEP07)                                                                                                                                                                                         
   0    163                                                                                                                                                                                                                                                     
   1    163                                                                                                                                                                                                                                                     
   2    163                                                                                                                                                                                                                                                     
   3    163                                                                                                                                                                                                                                                     
   4    163                                                                                                                                                                                                                                                     
   5    146                                                                                                                                                                                                                                                     
   6     61                                                                                                                                                                                                                                                     
   7     38                                                                                                                                                                                                                                                     
   8     28                                                                                                                                                                                                                                                     
   9     23                                                                                                                                                                                                                                                     
  10     20                                                                                                                                                                                                                                                     
  11     18                                                                                                                                                                                                                                                     
  12     16                                                                                                                                                                                                                                                     
  13     15                                                                                                                                                                                                                                                     
  14     15                                                                                                                                                                                                                                                     
  15     14                                                                                                                                                                                                                                                     
  16     14                                                                                                                                                                                                                                                     
  17     13                                                                                                                                                                                                                                                     
  18     13                                                                                                                                                                                                                                                     
  19     13                                                                                                                                                                                                                                                     
  20     13                                                                                                                                                                                                                                                     
  21     13                                                                                                                                                                                                                                                     
  22     13                                                                                                                                                                                                                                                     
  23     13                                                                                                                                                                                                                                                     
  24     13                                                                                                                                                                                                                                                     
  25     13                                                                                                                                                                                                                                                     
  26     13                                                                                                                                                                                                                                                     
  27     13                                                                                                                                                                                                                                                     
  28     13                                                                                                                                                                                                                                                     
  29     13                                                                                                                                                                                                                                                     
  30     13                                                                                                                                                                                                                                                     
  31     14                                                                                                                                                                                                                                                     
  32     14                                                                                                                                                                                                                                                     
  33     15                                                                                                                                                                                                                                                     
  34     16                                                                                                                                                                                                                                                     
  35     18                                                                                                                                                                                                                                                     
  36     20                                                                                                                                                                                                                                                     
  37     25                                                                                                                                                                                                                                                     
  38     40                                                                                                                                                                                                                                                     
  39     60                                                                                                                                                                                                                                                     
