NCR SEM TN GSTDZALL Final Content:SC Level:21 Form:G Other:CB (13SEP07)                                                                                                                                                                                         
   0    146                                                                                                                                                                                                                                                     
   1    146                                                                                                                                                                                                                                                     
   2    146                                                                                                                                                                                                                                                     
   3    146                                                                                                                                                                                                                                                     
   4    146                                                                                                                                                                                                                                                     
   5    146                                                                                                                                                                                                                                                     
   6    146                                                                                                                                                                                                                                                     
   7    146                                                                                                                                                                                                                                                     
   8    119                                                                                                                                                                                                                                                     
   9     73                                                                                                                                                                                                                                                     
  10     50                                                                                                                                                                                                                                                     
  11     37                                                                                                                                                                                                                                                     
  12     30                                                                                                                                                                                                                                                     
  13     25                                                                                                                                                                                                                                                     
  14     22                                                                                                                                                                                                                                                     
  15     20                                                                                                                                                                                                                                                     
  16     19                                                                                                                                                                                                                                                     
  17     18                                                                                                                                                                                                                                                     
  18     17                                                                                                                                                                                                                                                     
  19     16                                                                                                                                                                                                                                                     
  20     16                                                                                                                                                                                                                                                     
  21     15                                                                                                                                                                                                                                                     
  22     14                                                                                                                                                                                                                                                     
  23     14                                                                                                                                                                                                                                                     
  24     13                                                                                                                                                                                                                                                     
  25     13                                                                                                                                                                                                                                                     
  26     12                                                                                                                                                                                                                                                     
  27     11                                                                                                                                                                                                                                                     
  28     11                                                                                                                                                                                                                                                     
  29     11                                                                                                                                                                                                                                                     
  30     11                                                                                                                                                                                                                                                     
  31     10                                                                                                                                                                                                                                                     
  32     11                                                                                                                                                                                                                                                     
  33     11                                                                                                                                                                                                                                                     
  34     11                                                                                                                                                                                                                                                     
  35     13                                                                                                                                                                                                                                                     
  36     15                                                                                                                                                                                                                                                     
  37     19                                                                                                                                                                                                                                                     
  38     26                                                                                                                                                                                                                                                     
  39     42                                                                                                                                                                                                                                                     
  40     97                                                                                                                                                                                                                                                     
