NCR SEM TN GSTDZALL Final Content:SC Level:19 Form:G Other:CB (13SEP07)                                                                                                                                                                                         
   0    166                                                                                                                                                                                                                                                     
   1    166                                                                                                                                                                                                                                                     
   2    166                                                                                                                                                                                                                                                     
   3    166                                                                                                                                                                                                                                                     
   4    166                                                                                                                                                                                                                                                     
   5    166                                                                                                                                                                                                                                                     
   6    166                                                                                                                                                                                                                                                     
   7    166                                                                                                                                                                                                                                                     
   8    166                                                                                                                                                                                                                                                     
   9     70                                                                                                                                                                                                                                                     
  10     46                                                                                                                                                                                                                                                     
  11     32                                                                                                                                                                                                                                                     
  12     26                                                                                                                                                                                                                                                     
  13     22                                                                                                                                                                                                                                                     
  14     20                                                                                                                                                                                                                                                     
  15     18                                                                                                                                                                                                                                                     
  16     17                                                                                                                                                                                                                                                     
  17     16                                                                                                                                                                                                                                                     
  18     15                                                                                                                                                                                                                                                     
  19     14                                                                                                                                                                                                                                                     
  20     14                                                                                                                                                                                                                                                     
  21     14                                                                                                                                                                                                                                                     
  22     13                                                                                                                                                                                                                                                     
  23     13                                                                                                                                                                                                                                                     
  24     13                                                                                                                                                                                                                                                     
  25     13                                                                                                                                                                                                                                                     
  26     13                                                                                                                                                                                                                                                     
  27     13                                                                                                                                                                                                                                                     
  28     13                                                                                                                                                                                                                                                     
  29     13                                                                                                                                                                                                                                                     
  30     14                                                                                                                                                                                                                                                     
  31     14                                                                                                                                                                                                                                                     
  32     15                                                                                                                                                                                                                                                     
  33     15                                                                                                                                                                                                                                                     
  34     16                                                                                                                                                                                                                                                     
  35     18                                                                                                                                                                                                                                                     
  36     21                                                                                                                                                                                                                                                     
  37     25                                                                                                                                                                                                                                                     
  38     34                                                                                                                                                                                                                                                     
  39     53                                                                                                                                                                                                                                                     
  40     66                                                                                                                                                                                                                                                     
