NCR SEM TN GSTDZALL Final Content:SC Level:20 Form:G Other:CB (13SEP07)                                                                                                                                                                                         
   0    167                                                                                                                                                                                                                                                     
   1    167                                                                                                                                                                                                                                                     
   2    167                                                                                                                                                                                                                                                     
   3    167                                                                                                                                                                                                                                                     
   4    167                                                                                                                                                                                                                                                     
   5    167                                                                                                                                                                                                                                                     
   6    167                                                                                                                                                                                                                                                     
   7    167                                                                                                                                                                                                                                                     
   8    167                                                                                                                                                                                                                                                     
   9     77                                                                                                                                                                                                                                                     
  10     49                                                                                                                                                                                                                                                     
  11     34                                                                                                                                                                                                                                                     
  12     26                                                                                                                                                                                                                                                     
  13     22                                                                                                                                                                                                                                                     
  14     19                                                                                                                                                                                                                                                     
  15     18                                                                                                                                                                                                                                                     
  16     16                                                                                                                                                                                                                                                     
  17     15                                                                                                                                                                                                                                                     
  18     15                                                                                                                                                                                                                                                     
  19     14                                                                                                                                                                                                                                                     
  20     14                                                                                                                                                                                                                                                     
  21     13                                                                                                                                                                                                                                                     
  22     13                                                                                                                                                                                                                                                     
  23     13                                                                                                                                                                                                                                                     
  24     13                                                                                                                                                                                                                                                     
  25     13                                                                                                                                                                                                                                                     
  26     12                                                                                                                                                                                                                                                     
  27     12                                                                                                                                                                                                                                                     
  28     12                                                                                                                                                                                                                                                     
  29     12                                                                                                                                                                                                                                                     
  30     12                                                                                                                                                                                                                                                     
  31     11                                                                                                                                                                                                                                                     
  32     11                                                                                                                                                                                                                                                     
  33     11                                                                                                                                                                                                                                                     
  34     11                                                                                                                                                                                                                                                     
  35     11                                                                                                                                                                                                                                                     
  36     13                                                                                                                                                                                                                                                     
  37     15                                                                                                                                                                                                                                                     
  38     19                                                                                                                                                                                                                                                     
  39     29                                                                                                                                                                                                                                                     
  40    113                                                                                                                                                                                                                                                     
