NCR SEM TN GSTDZALL Final Content:SC Level:14 Form:G Other:MA (13SEP07)                                                                                                                                                                                         
   0    140                                                                                                                                                                                                                                                     
   1    140                                                                                                                                                                                                                                                     
   2    140                                                                                                                                                                                                                                                     
   3    140                                                                                                                                                                                                                                                     
   4    140                                                                                                                                                                                                                                                     
   5    140                                                                                                                                                                                                                                                     
   6     89                                                                                                                                                                                                                                                     
   7     54                                                                                                                                                                                                                                                     
   8     36                                                                                                                                                                                                                                                     
   9     28                                                                                                                                                                                                                                                     
  10     24                                                                                                                                                                                                                                                     
  11     21                                                                                                                                                                                                                                                     
  12     19                                                                                                                                                                                                                                                     
  13     17                                                                                                                                                                                                                                                     
  14     16                                                                                                                                                                                                                                                     
  15     15                                                                                                                                                                                                                                                     
  16     14                                                                                                                                                                                                                                                     
  17     14                                                                                                                                                                                                                                                     
  18     13                                                                                                                                                                                                                                                     
  19     13                                                                                                                                                                                                                                                     
  20     12                                                                                                                                                                                                                                                     
  21     12                                                                                                                                                                                                                                                     
  22     12                                                                                                                                                                                                                                                     
  23     12                                                                                                                                                                                                                                                     
  24     12                                                                                                                                                                                                                                                     
  25     12                                                                                                                                                                                                                                                     
  26     12                                                                                                                                                                                                                                                     
  27     12                                                                                                                                                                                                                                                     
  28     12                                                                                                                                                                                                                                                     
  29     12                                                                                                                                                                                                                                                     
  30     12                                                                                                                                                                                                                                                     
  31     12                                                                                                                                                                                                                                                     
  32     12                                                                                                                                                                                                                                                     
  33     13                                                                                                                                                                                                                                                     
  34     13                                                                                                                                                                                                                                                     
  35     13                                                                                                                                                                                                                                                     
  36     14                                                                                                                                                                                                                                                     
  37     15                                                                                                                                                                                                                                                     
  38     15                                                                                                                                                                                                                                                     
  39     17                                                                                                                                                                                                                                                     
  40     19                                                                                                                                                                                                                                                     
  41     23                                                                                                                                                                                                                                                     
  42     34                                                                                                                                                                                                                                                     
  43     75                                                                                                                                                                                                                                                     
