NCR SEM TN GSTDZALL Final Content:SC Level:17 Form:G Other:MA (13SEP07)                                                                                                                                                                                         
   0    142                                                                                                                                                                                                                                                     
   1    142                                                                                                                                                                                                                                                     
   2    142                                                                                                                                                                                                                                                     
   3    142                                                                                                                                                                                                                                                     
   4    142                                                                                                                                                                                                                                                     
   5     87                                                                                                                                                                                                                                                     
   6     48                                                                                                                                                                                                                                                     
   7     31                                                                                                                                                                                                                                                     
   8     23                                                                                                                                                                                                                                                     
   9     19                                                                                                                                                                                                                                                     
  10     17                                                                                                                                                                                                                                                     
  11     15                                                                                                                                                                                                                                                     
  12     14                                                                                                                                                                                                                                                     
  13     14                                                                                                                                                                                                                                                     
  14     13                                                                                                                                                                                                                                                     
  15     12                                                                                                                                                                                                                                                     
  16     12                                                                                                                                                                                                                                                     
  17     12                                                                                                                                                                                                                                                     
  18     12                                                                                                                                                                                                                                                     
  19     11                                                                                                                                                                                                                                                     
  20     11                                                                                                                                                                                                                                                     
  21     11                                                                                                                                                                                                                                                     
  22     11                                                                                                                                                                                                                                                     
  23     11                                                                                                                                                                                                                                                     
  24     11                                                                                                                                                                                                                                                     
  25     11                                                                                                                                                                                                                                                     
  26     11                                                                                                                                                                                                                                                     
  27     11                                                                                                                                                                                                                                                     
  28     12                                                                                                                                                                                                                                                     
  29     12                                                                                                                                                                                                                                                     
  30     12                                                                                                                                                                                                                                                     
  31     13                                                                                                                                                                                                                                                     
  32     13                                                                                                                                                                                                                                                     
  33     14                                                                                                                                                                                                                                                     
  34     15                                                                                                                                                                                                                                                     
  35     16                                                                                                                                                                                                                                                     
  36     17                                                                                                                                                                                                                                                     
  37     20                                                                                                                                                                                                                                                     
  38     23                                                                                                                                                                                                                                                     
  39     29                                                                                                                                                                                                                                                     
  40     46                                                                                                                                                                                                                                                     
  41     65                                                                                                                                                                                                                                                     
