NCR SEM TN GSTDZALL Final Content:SC Level:18 Form:G Other:CB (13SEP07)                                                                                                                                                                                         
   0    151                                                                                                                                                                                                                                                     
   1    151                                                                                                                                                                                                                                                     
   2    151                                                                                                                                                                                                                                                     
   3    151                                                                                                                                                                                                                                                     
   4    151                                                                                                                                                                                                                                                     
   5    151                                                                                                                                                                                                                                                     
   6    151                                                                                                                                                                                                                                                     
   7    151                                                                                                                                                                                                                                                     
   8    151                                                                                                                                                                                                                                                     
   9     78                                                                                                                                                                                                                                                     
  10     52                                                                                                                                                                                                                                                     
  11     36                                                                                                                                                                                                                                                     
  12     29                                                                                                                                                                                                                                                     
  13     25                                                                                                                                                                                                                                                     
  14     22                                                                                                                                                                                                                                                     
  15     20                                                                                                                                                                                                                                                     
  16     19                                                                                                                                                                                                                                                     
  17     18                                                                                                                                                                                                                                                     
  18     17                                                                                                                                                                                                                                                     
  19     16                                                                                                                                                                                                                                                     
  20     16                                                                                                                                                                                                                                                     
  21     15                                                                                                                                                                                                                                                     
  22     15                                                                                                                                                                                                                                                     
  23     14                                                                                                                                                                                                                                                     
  24     14                                                                                                                                                                                                                                                     
  25     14                                                                                                                                                                                                                                                     
  26     14                                                                                                                                                                                                                                                     
  27     14                                                                                                                                                                                                                                                     
  28     13                                                                                                                                                                                                                                                     
  29     13                                                                                                                                                                                                                                                     
  30     13                                                                                                                                                                                                                                                     
  31     13                                                                                                                                                                                                                                                     
  32     13                                                                                                                                                                                                                                                     
  33     14                                                                                                                                                                                                                                                     
  34     14                                                                                                                                                                                                                                                     
  35     15                                                                                                                                                                                                                                                     
  36     16                                                                                                                                                                                                                                                     
  37     18                                                                                                                                                                                                                                                     
  38     23                                                                                                                                                                                                                                                     
  39     38                                                                                                                                                                                                                                                     
  40     84                                                                                                                                                                                                                                                     
