NCR SEM TN GSTDZALL Final Content:SC Level:15 Form:G Other:CB (13SEP07)                                                                                                                                                                                         
   0    157                                                                                                                                                                                                                                                     
   1    157                                                                                                                                                                                                                                                     
   2    157                                                                                                                                                                                                                                                     
   3    157                                                                                                                                                                                                                                                     
   4    157                                                                                                                                                                                                                                                     
   5    157                                                                                                                                                                                                                                                     
   6    157                                                                                                                                                                                                                                                     
   7    157                                                                                                                                                                                                                                                     
   8    157                                                                                                                                                                                                                                                     
   9     94                                                                                                                                                                                                                                                     
  10     59                                                                                                                                                                                                                                                     
  11     41                                                                                                                                                                                                                                                     
  12     31                                                                                                                                                                                                                                                     
  13     26                                                                                                                                                                                                                                                     
  14     23                                                                                                                                                                                                                                                     
  15     21                                                                                                                                                                                                                                                     
  16     20                                                                                                                                                                                                                                                     
  17     19                                                                                                                                                                                                                                                     
  18     17                                                                                                                                                                                                                                                     
  19     16                                                                                                                                                                                                                                                     
  20     15                                                                                                                                                                                                                                                     
  21     15                                                                                                                                                                                                                                                     
  22     14                                                                                                                                                                                                                                                     
  23     13                                                                                                                                                                                                                                                     
  24     13                                                                                                                                                                                                                                                     
  25     12                                                                                                                                                                                                                                                     
  26     12                                                                                                                                                                                                                                                     
  27     12                                                                                                                                                                                                                                                     
  28     12                                                                                                                                                                                                                                                     
  29     12                                                                                                                                                                                                                                                     
  30     12                                                                                                                                                                                                                                                     
  31     13                                                                                                                                                                                                                                                     
  32     13                                                                                                                                                                                                                                                     
  33     13                                                                                                                                                                                                                                                     
  34     14                                                                                                                                                                                                                                                     
  35     15                                                                                                                                                                                                                                                     
  36     17                                                                                                                                                                                                                                                     
  37     20                                                                                                                                                                                                                                                     
  38     28                                                                                                                                                                                                                                                     
  39     52                                                                                                                                                                                                                                                     
  40     75                                                                                                                                                                                                                                                     
