NCR SEM TN GSTDZALL Final Content:SC Level:14 Form:G Other:CB (13SEP07)                                                                                                                                                                                         
   0    159                                                                                                                                                                                                                                                     
   1    159                                                                                                                                                                                                                                                     
   2    159                                                                                                                                                                                                                                                     
   3    159                                                                                                                                                                                                                                                     
   4    159                                                                                                                                                                                                                                                     
   5    159                                                                                                                                                                                                                                                     
   6    159                                                                                                                                                                                                                                                     
   7    159                                                                                                                                                                                                                                                     
   8    159                                                                                                                                                                                                                                                     
   9    117                                                                                                                                                                                                                                                     
  10     70                                                                                                                                                                                                                                                     
  11     48                                                                                                                                                                                                                                                     
  12     37                                                                                                                                                                                                                                                     
  13     30                                                                                                                                                                                                                                                     
  14     26                                                                                                                                                                                                                                                     
  15     23                                                                                                                                                                                                                                                     
  16     21                                                                                                                                                                                                                                                     
  17     19                                                                                                                                                                                                                                                     
  18     18                                                                                                                                                                                                                                                     
  19     17                                                                                                                                                                                                                                                     
  20     16                                                                                                                                                                                                                                                     
  21     15                                                                                                                                                                                                                                                     
  22     15                                                                                                                                                                                                                                                     
  23     15                                                                                                                                                                                                                                                     
  24     14                                                                                                                                                                                                                                                     
  25     14                                                                                                                                                                                                                                                     
  26     14                                                                                                                                                                                                                                                     
  27     14                                                                                                                                                                                                                                                     
  28     14                                                                                                                                                                                                                                                     
  29     14                                                                                                                                                                                                                                                     
  30     14                                                                                                                                                                                                                                                     
  31     15                                                                                                                                                                                                                                                     
  32     15                                                                                                                                                                                                                                                     
  33     15                                                                                                                                                                                                                                                     
  34     16                                                                                                                                                                                                                                                     
  35     17                                                                                                                                                                                                                                                     
  36     18                                                                                                                                                                                                                                                     
  37     21                                                                                                                                                                                                                                                     
  38     28                                                                                                                                                                                                                                                     
  39     47                                                                                                                                                                                                                                                     
  40     62                                                                                                                                                                                                                                                     
