NCR SEM TN GSTDZALL Final Content:SS Level:15 Form:G Other:MA (13SEP07)                                                                                                                                                                                         
   0    112                                                                                                                                                                                                                                                     
   1    112                                                                                                                                                                                                                                                     
   2    112                                                                                                                                                                                                                                                     
   3    112                                                                                                                                                                                                                                                     
   4    112                                                                                                                                                                                                                                                     
   5    112                                                                                                                                                                                                                                                     
   6     94                                                                                                                                                                                                                                                     
   7     54                                                                                                                                                                                                                                                     
   8     36                                                                                                                                                                                                                                                     
   9     27                                                                                                                                                                                                                                                     
  10     21                                                                                                                                                                                                                                                     
  11     18                                                                                                                                                                                                                                                     
  12     16                                                                                                                                                                                                                                                     
  13     14                                                                                                                                                                                                                                                     
  14     13                                                                                                                                                                                                                                                     
  15     12                                                                                                                                                                                                                                                     
  16     11                                                                                                                                                                                                                                                     
  17     11                                                                                                                                                                                                                                                     
  18     10                                                                                                                                                                                                                                                     
  19     10                                                                                                                                                                                                                                                     
  20      9                                                                                                                                                                                                                                                     
  21      9                                                                                                                                                                                                                                                     
  22      9                                                                                                                                                                                                                                                     
  23      9                                                                                                                                                                                                                                                     
  24      9                                                                                                                                                                                                                                                     
  25      9                                                                                                                                                                                                                                                     
  26      9                                                                                                                                                                                                                                                     
  27      9                                                                                                                                                                                                                                                     
  28      9                                                                                                                                                                                                                                                     
  29      9                                                                                                                                                                                                                                                     
  30      9                                                                                                                                                                                                                                                     
  31      9                                                                                                                                                                                                                                                     
  32     10                                                                                                                                                                                                                                                     
  33     10                                                                                                                                                                                                                                                     
  34     10                                                                                                                                                                                                                                                     
  35     11                                                                                                                                                                                                                                                     
  36     11                                                                                                                                                                                                                                                     
  37     12                                                                                                                                                                                                                                                     
  38     13                                                                                                                                                                                                                                                     
  39     14                                                                                                                                                                                                                                                     
  40     16                                                                                                                                                                                                                                                     
  41     18                                                                                                                                                                                                                                                     
  42     23                                                                                                                                                                                                                                                     
  43     35                                                                                                                                                                                                                                                     
  44     43                                                                                                                                                                                                                                                     
