NCR SEM TN GSTDZALL Final Content:SS Level:21 Form:G Other:CB (13SEP07)                                                                                                                                                                                         
   0    119                                                                                                                                                                                                                                                     
   1    119                                                                                                                                                                                                                                                     
   2    119                                                                                                                                                                                                                                                     
   3    119                                                                                                                                                                                                                                                     
   4    119                                                                                                                                                                                                                                                     
   5    119                                                                                                                                                                                                                                                     
   6    119                                                                                                                                                                                                                                                     
   7    119                                                                                                                                                                                                                                                     
   8    119                                                                                                                                                                                                                                                     
   9     44                                                                                                                                                                                                                                                     
  10     29                                                                                                                                                                                                                                                     
  11     21                                                                                                                                                                                                                                                     
  12     17                                                                                                                                                                                                                                                     
  13     14                                                                                                                                                                                                                                                     
  14     12                                                                                                                                                                                                                                                     
  15     11                                                                                                                                                                                                                                                     
  16     11                                                                                                                                                                                                                                                     
  17     10                                                                                                                                                                                                                                                     
  18     10                                                                                                                                                                                                                                                     
  19      9                                                                                                                                                                                                                                                     
  20      9                                                                                                                                                                                                                                                     
  21      9                                                                                                                                                                                                                                                     
  22      9                                                                                                                                                                                                                                                     
  23      8                                                                                                                                                                                                                                                     
  24      8                                                                                                                                                                                                                                                     
  25      8                                                                                                                                                                                                                                                     
  26      8                                                                                                                                                                                                                                                     
  27      8                                                                                                                                                                                                                                                     
  28      8                                                                                                                                                                                                                                                     
  29      8                                                                                                                                                                                                                                                     
  30      9                                                                                                                                                                                                                                                     
  31      9                                                                                                                                                                                                                                                     
  32      9                                                                                                                                                                                                                                                     
  33     10                                                                                                                                                                                                                                                     
  34     11                                                                                                                                                                                                                                                     
  35     12                                                                                                                                                                                                                                                     
  36     13                                                                                                                                                                                                                                                     
  37     16                                                                                                                                                                                                                                                     
  38     22                                                                                                                                                                                                                                                     
  39     40                                                                                                                                                                                                                                                     
  40     75                                                                                                                                                                                                                                                     
