NCR SEM TN GSTDZALL Final Content:SS Level:16 Form:G Other:MA (13SEP07)                                                                                                                                                                                         
   0     97                                                                                                                                                                                                                                                     
   1     97                                                                                                                                                                                                                                                     
   2     97                                                                                                                                                                                                                                                     
   3     97                                                                                                                                                                                                                                                     
   4     97                                                                                                                                                                                                                                                     
   5     97                                                                                                                                                                                                                                                     
   6     83                                                                                                                                                                                                                                                     
   7     51                                                                                                                                                                                                                                                     
   8     35                                                                                                                                                                                                                                                     
   9     28                                                                                                                                                                                                                                                     
  10     23                                                                                                                                                                                                                                                     
  11     20                                                                                                                                                                                                                                                     
  12     18                                                                                                                                                                                                                                                     
  13     16                                                                                                                                                                                                                                                     
  14     15                                                                                                                                                                                                                                                     
  15     14                                                                                                                                                                                                                                                     
  16     14                                                                                                                                                                                                                                                     
  17     13                                                                                                                                                                                                                                                     
  18     13                                                                                                                                                                                                                                                     
  19     12                                                                                                                                                                                                                                                     
  20     12                                                                                                                                                                                                                                                     
  21     12                                                                                                                                                                                                                                                     
  22     12                                                                                                                                                                                                                                                     
  23     12                                                                                                                                                                                                                                                     
  24     12                                                                                                                                                                                                                                                     
  25     12                                                                                                                                                                                                                                                     
  26     12                                                                                                                                                                                                                                                     
  27     12                                                                                                                                                                                                                                                     
  28     12                                                                                                                                                                                                                                                     
  29     12                                                                                                                                                                                                                                                     
  30     13                                                                                                                                                                                                                                                     
  31     13                                                                                                                                                                                                                                                     
  32     13                                                                                                                                                                                                                                                     
  33     13                                                                                                                                                                                                                                                     
  34     14                                                                                                                                                                                                                                                     
  35     14                                                                                                                                                                                                                                                     
  36     15                                                                                                                                                                                                                                                     
  37     16                                                                                                                                                                                                                                                     
  38     17                                                                                                                                                                                                                                                     
  39     18                                                                                                                                                                                                                                                     
  40     20                                                                                                                                                                                                                                                     
  41     22                                                                                                                                                                                                                                                     
  42     26                                                                                                                                                                                                                                                     
  43     30                                                                                                                                                                                                                                                     
  44     30                                                                                                                                                                                                                                                     
  45     30                                                                                                                                                                                                                                                     
