NCR SEM TN GSTDZALL Final Content:SS Level:19 Form:G Other:CB (13SEP07)                                                                                                                                                                                         
   0    133                                                                                                                                                                                                                                                     
   1    133                                                                                                                                                                                                                                                     
   2    133                                                                                                                                                                                                                                                     
   3    133                                                                                                                                                                                                                                                     
   4    133                                                                                                                                                                                                                                                     
   5    133                                                                                                                                                                                                                                                     
   6    133                                                                                                                                                                                                                                                     
   7    133                                                                                                                                                                                                                                                     
   8    133                                                                                                                                                                                                                                                     
   9     66                                                                                                                                                                                                                                                     
  10     38                                                                                                                                                                                                                                                     
  11     26                                                                                                                                                                                                                                                     
  12     19                                                                                                                                                                                                                                                     
  13     16                                                                                                                                                                                                                                                     
  14     14                                                                                                                                                                                                                                                     
  15     12                                                                                                                                                                                                                                                     
  16     11                                                                                                                                                                                                                                                     
  17     10                                                                                                                                                                                                                                                     
  18     10                                                                                                                                                                                                                                                     
  19      9                                                                                                                                                                                                                                                     
  20      9                                                                                                                                                                                                                                                     
  21      9                                                                                                                                                                                                                                                     
  22      9                                                                                                                                                                                                                                                     
  23      9                                                                                                                                                                                                                                                     
  24      9                                                                                                                                                                                                                                                     
  25      9                                                                                                                                                                                                                                                     
  26      9                                                                                                                                                                                                                                                     
  27      9                                                                                                                                                                                                                                                     
  28      9                                                                                                                                                                                                                                                     
  29      9                                                                                                                                                                                                                                                     
  30      9                                                                                                                                                                                                                                                     
  31      9                                                                                                                                                                                                                                                     
  32     10                                                                                                                                                                                                                                                     
  33     10                                                                                                                                                                                                                                                     
  34     11                                                                                                                                                                                                                                                     
  35     11                                                                                                                                                                                                                                                     
  36     12                                                                                                                                                                                                                                                     
  37     14                                                                                                                                                                                                                                                     
  38     17                                                                                                                                                                                                                                                     
  39     27                                                                                                                                                                                                                                                     
  40     59                                                                                                                                                                                                                                                     
