NCR SEM TN GSTDZALL Final Content:SS Level:17 Form:G Other:CB (13SEP07)                                                                                                                                                                                         
   0    125                                                                                                                                                                                                                                                     
   1    125                                                                                                                                                                                                                                                     
   2    125                                                                                                                                                                                                                                                     
   3    125                                                                                                                                                                                                                                                     
   4    125                                                                                                                                                                                                                                                     
   5    125                                                                                                                                                                                                                                                     
   6    125                                                                                                                                                                                                                                                     
   7    125                                                                                                                                                                                                                                                     
   8    125                                                                                                                                                                                                                                                     
   9     63                                                                                                                                                                                                                                                     
  10     42                                                                                                                                                                                                                                                     
  11     30                                                                                                                                                                                                                                                     
  12     24                                                                                                                                                                                                                                                     
  13     21                                                                                                                                                                                                                                                     
  14     18                                                                                                                                                                                                                                                     
  15     16                                                                                                                                                                                                                                                     
  16     15                                                                                                                                                                                                                                                     
  17     13                                                                                                                                                                                                                                                     
  18     12                                                                                                                                                                                                                                                     
  19     11                                                                                                                                                                                                                                                     
  20     11                                                                                                                                                                                                                                                     
  21     10                                                                                                                                                                                                                                                     
  22     10                                                                                                                                                                                                                                                     
  23     10                                                                                                                                                                                                                                                     
  24     10                                                                                                                                                                                                                                                     
  25      9                                                                                                                                                                                                                                                     
  26      9                                                                                                                                                                                                                                                     
  27      9                                                                                                                                                                                                                                                     
  28      9                                                                                                                                                                                                                                                     
  29      9                                                                                                                                                                                                                                                     
  30      9                                                                                                                                                                                                                                                     
  31      9                                                                                                                                                                                                                                                     
  32     10                                                                                                                                                                                                                                                     
  33     10                                                                                                                                                                                                                                                     
  34     10                                                                                                                                                                                                                                                     
  35     11                                                                                                                                                                                                                                                     
  36     12                                                                                                                                                                                                                                                     
  37     13                                                                                                                                                                                                                                                     
  38     17                                                                                                                                                                                                                                                     
  39     25                                                                                                                                                                                                                                                     
  40     51                                                                                                                                                                                                                                                     
