NCR SEM TN GSTDZALL Final Content:SS Level:18 Form:G Other:MA (13SEP07)                                                                                                                                                                                         
   0    108                                                                                                                                                                                                                                                     
   1    108                                                                                                                                                                                                                                                     
   2    108                                                                                                                                                                                                                                                     
   3    108                                                                                                                                                                                                                                                     
   4    108                                                                                                                                                                                                                                                     
   5     90                                                                                                                                                                                                                                                     
   6     50                                                                                                                                                                                                                                                     
   7     33                                                                                                                                                                                                                                                     
   8     25                                                                                                                                                                                                                                                     
   9     21                                                                                                                                                                                                                                                     
  10     18                                                                                                                                                                                                                                                     
  11     16                                                                                                                                                                                                                                                     
  12     14                                                                                                                                                                                                                                                     
  13     13                                                                                                                                                                                                                                                     
  14     12                                                                                                                                                                                                                                                     
  15     12                                                                                                                                                                                                                                                     
  16     11                                                                                                                                                                                                                                                     
  17     10                                                                                                                                                                                                                                                     
  18     10                                                                                                                                                                                                                                                     
  19     10                                                                                                                                                                                                                                                     
  20      9                                                                                                                                                                                                                                                     
  21      9                                                                                                                                                                                                                                                     
  22      9                                                                                                                                                                                                                                                     
  23      9                                                                                                                                                                                                                                                     
  24      9                                                                                                                                                                                                                                                     
  25      9                                                                                                                                                                                                                                                     
  26      9                                                                                                                                                                                                                                                     
  27      9                                                                                                                                                                                                                                                     
  28      9                                                                                                                                                                                                                                                     
  29      9                                                                                                                                                                                                                                                     
  30      9                                                                                                                                                                                                                                                     
  31     10                                                                                                                                                                                                                                                     
  32     10                                                                                                                                                                                                                                                     
  33     10                                                                                                                                                                                                                                                     
  34     11                                                                                                                                                                                                                                                     
  35     12                                                                                                                                                                                                                                                     
  36     12                                                                                                                                                                                                                                                     
  37     13                                                                                                                                                                                                                                                     
  38     15                                                                                                                                                                                                                                                     
  39     17                                                                                                                                                                                                                                                     
  40     20                                                                                                                                                                                                                                                     
  41     26                                                                                                                                                                                                                                                     
  42     40                                                                                                                                                                                                                                                     
  43     52                                                                                                                                                                                                                                                     
