NCR SEM TN GSTDZALL Final Content:SS Level:12 Form:G Other:MA (13SEP07)                                                                                                                                                                                         
   0    120                                                                                                                                                                                                                                                     
   1    120                                                                                                                                                                                                                                                     
   2    120                                                                                                                                                                                                                                                     
   3    120                                                                                                                                                                                                                                                     
   4     89                                                                                                                                                                                                                                                     
   5     44                                                                                                                                                                                                                                                     
   6     28                                                                                                                                                                                                                                                     
   7     21                                                                                                                                                                                                                                                     
   8     18                                                                                                                                                                                                                                                     
   9     16                                                                                                                                                                                                                                                     
  10     14                                                                                                                                                                                                                                                     
  11     13                                                                                                                                                                                                                                                     
  12     12                                                                                                                                                                                                                                                     
  13     12                                                                                                                                                                                                                                                     
  14     11                                                                                                                                                                                                                                                     
  15     11                                                                                                                                                                                                                                                     
  16     11                                                                                                                                                                                                                                                     
  17     10                                                                                                                                                                                                                                                     
  18     10                                                                                                                                                                                                                                                     
  19     10                                                                                                                                                                                                                                                     
  20     10                                                                                                                                                                                                                                                     
  21     11                                                                                                                                                                                                                                                     
  22     11                                                                                                                                                                                                                                                     
  23     11                                                                                                                                                                                                                                                     
  24     12                                                                                                                                                                                                                                                     
  25     12                                                                                                                                                                                                                                                     
  26     13                                                                                                                                                                                                                                                     
  27     15                                                                                                                                                                                                                                                     
  28     17                                                                                                                                                                                                                                                     
  29     19                                                                                                                                                                                                                                                     
  30     24                                                                                                                                                                                                                                                     
  31     33                                                                                                                                                                                                                                                     
  32     90                                                                                                                                                                                                                                                     
