NCR SEM TN GSTDZALL Final Content:SS Level:14 Form:G Other:CB (13SEP07)                                                                                                                                                                                         
   0    141                                                                                                                                                                                                                                                     
   1    141                                                                                                                                                                                                                                                     
   2    141                                                                                                                                                                                                                                                     
   3    141                                                                                                                                                                                                                                                     
   4    141                                                                                                                                                                                                                                                     
   5    141                                                                                                                                                                                                                                                     
   6    141                                                                                                                                                                                                                                                     
   7    141                                                                                                                                                                                                                                                     
   8    101                                                                                                                                                                                                                                                     
   9     47                                                                                                                                                                                                                                                     
  10     32                                                                                                                                                                                                                                                     
  11     23                                                                                                                                                                                                                                                     
  12     18                                                                                                                                                                                                                                                     
  13     16                                                                                                                                                                                                                                                     
  14     14                                                                                                                                                                                                                                                     
  15     13                                                                                                                                                                                                                                                     
  16     13                                                                                                                                                                                                                                                     
  17     12                                                                                                                                                                                                                                                     
  18     11                                                                                                                                                                                                                                                     
  19     11                                                                                                                                                                                                                                                     
  20     11                                                                                                                                                                                                                                                     
  21     10                                                                                                                                                                                                                                                     
  22     10                                                                                                                                                                                                                                                     
  23     10                                                                                                                                                                                                                                                     
  24     10                                                                                                                                                                                                                                                     
  25     10                                                                                                                                                                                                                                                     
  26     10                                                                                                                                                                                                                                                     
  27     10                                                                                                                                                                                                                                                     
  28     10                                                                                                                                                                                                                                                     
  29     10                                                                                                                                                                                                                                                     
  30     10                                                                                                                                                                                                                                                     
  31     10                                                                                                                                                                                                                                                     
  32     10                                                                                                                                                                                                                                                     
  33     10                                                                                                                                                                                                                                                     
  34     11                                                                                                                                                                                                                                                     
  35     12                                                                                                                                                                                                                                                     
  36     13                                                                                                                                                                                                                                                     
  37     15                                                                                                                                                                                                                                                     
  38     19                                                                                                                                                                                                                                                     
  39     28                                                                                                                                                                                                                                                     
  40     58                                                                                                                                                                                                                                                     
