NCR SEM TN GSTDZALL Final Content:SS Level:19 Form:G Other:MA (13SEP07)                                                                                                                                                                                         
   0    118                                                                                                                                                                                                                                                     
   1    118                                                                                                                                                                                                                                                     
   2    118                                                                                                                                                                                                                                                     
   3    118                                                                                                                                                                                                                                                     
   4    118                                                                                                                                                                                                                                                     
   5    118                                                                                                                                                                                                                                                     
   6     62                                                                                                                                                                                                                                                     
   7     38                                                                                                                                                                                                                                                     
   8     26                                                                                                                                                                                                                                                     
   9     20                                                                                                                                                                                                                                                     
  10     17                                                                                                                                                                                                                                                     
  11     15                                                                                                                                                                                                                                                     
  12     13                                                                                                                                                                                                                                                     
  13     12                                                                                                                                                                                                                                                     
  14     11                                                                                                                                                                                                                                                     
  15     11                                                                                                                                                                                                                                                     
  16     10                                                                                                                                                                                                                                                     
  17     10                                                                                                                                                                                                                                                     
  18      9                                                                                                                                                                                                                                                     
  19      9                                                                                                                                                                                                                                                     
  20      9                                                                                                                                                                                                                                                     
  21      9                                                                                                                                                                                                                                                     
  22      9                                                                                                                                                                                                                                                     
  23      9                                                                                                                                                                                                                                                     
  24      9                                                                                                                                                                                                                                                     
  25      9                                                                                                                                                                                                                                                     
  26      9                                                                                                                                                                                                                                                     
  27      9                                                                                                                                                                                                                                                     
  28      9                                                                                                                                                                                                                                                     
  29      9                                                                                                                                                                                                                                                     
  30      9                                                                                                                                                                                                                                                     
  31      9                                                                                                                                                                                                                                                     
  32      9                                                                                                                                                                                                                                                     
  33      9                                                                                                                                                                                                                                                     
  34     10                                                                                                                                                                                                                                                     
  35     10                                                                                                                                                                                                                                                     
  36     10                                                                                                                                                                                                                                                     
  37     10                                                                                                                                                                                                                                                     
  38     11                                                                                                                                                                                                                                                     
  39     11                                                                                                                                                                                                                                                     
  40     12                                                                                                                                                                                                                                                     
  41     13                                                                                                                                                                                                                                                     
  42     15                                                                                                                                                                                                                                                     
  43     17                                                                                                                                                                                                                                                     
  44     21                                                                                                                                                                                                                                                     
  45     31                                                                                                                                                                                                                                                     
  46     39                                                                                                                                                                                                                                                     
