NCR SEM TN GSTDZALL Final Content:SS Level:16 Form:G Other:CB (13SEP07)                                                                                                                                                                                         
   0    115                                                                                                                                                                                                                                                     
   1    115                                                                                                                                                                                                                                                     
   2    115                                                                                                                                                                                                                                                     
   3    115                                                                                                                                                                                                                                                     
   4    115                                                                                                                                                                                                                                                     
   5    115                                                                                                                                                                                                                                                     
   6    115                                                                                                                                                                                                                                                     
   7    115                                                                                                                                                                                                                                                     
   8    115                                                                                                                                                                                                                                                     
   9     79                                                                                                                                                                                                                                                     
  10     49                                                                                                                                                                                                                                                     
  11     34                                                                                                                                                                                                                                                     
  12     26                                                                                                                                                                                                                                                     
  13     21                                                                                                                                                                                                                                                     
  14     19                                                                                                                                                                                                                                                     
  15     17                                                                                                                                                                                                                                                     
  16     15                                                                                                                                                                                                                                                     
  17     14                                                                                                                                                                                                                                                     
  18     13                                                                                                                                                                                                                                                     
  19     13                                                                                                                                                                                                                                                     
  20     12                                                                                                                                                                                                                                                     
  21     12                                                                                                                                                                                                                                                     
  22     12                                                                                                                                                                                                                                                     
  23     12                                                                                                                                                                                                                                                     
  24     12                                                                                                                                                                                                                                                     
  25     12                                                                                                                                                                                                                                                     
  26     12                                                                                                                                                                                                                                                     
  27     12                                                                                                                                                                                                                                                     
  28     12                                                                                                                                                                                                                                                     
  29     12                                                                                                                                                                                                                                                     
  30     12                                                                                                                                                                                                                                                     
  31     12                                                                                                                                                                                                                                                     
  32     12                                                                                                                                                                                                                                                     
  33     12                                                                                                                                                                                                                                                     
  34     13                                                                                                                                                                                                                                                     
  35     14                                                                                                                                                                                                                                                     
  36     16                                                                                                                                                                                                                                                     
  37     16                                                                                                                                                                                                                                                     
  38     16                                                                                                                                                                                                                                                     
  39     25                                                                                                                                                                                                                                                     
  40     46                                                                                                                                                                                                                                                     
