NCR SEM TN GSTDZALL Final Content:SS Level:18 Form:G Other:CB (13SEP07)                                                                                                                                                                                         
   0    127                                                                                                                                                                                                                                                     
   1    127                                                                                                                                                                                                                                                     
   2    127                                                                                                                                                                                                                                                     
   3    127                                                                                                                                                                                                                                                     
   4    127                                                                                                                                                                                                                                                     
   5    127                                                                                                                                                                                                                                                     
   6    127                                                                                                                                                                                                                                                     
   7    127                                                                                                                                                                                                                                                     
   8     64                                                                                                                                                                                                                                                     
   9     40                                                                                                                                                                                                                                                     
  10     27                                                                                                                                                                                                                                                     
  11     20                                                                                                                                                                                                                                                     
  12     17                                                                                                                                                                                                                                                     
  13     14                                                                                                                                                                                                                                                     
  14     13                                                                                                                                                                                                                                                     
  15     12                                                                                                                                                                                                                                                     
  16     11                                                                                                                                                                                                                                                     
  17     10                                                                                                                                                                                                                                                     
  18     10                                                                                                                                                                                                                                                     
  19      9                                                                                                                                                                                                                                                     
  20      9                                                                                                                                                                                                                                                     
  21      9                                                                                                                                                                                                                                                     
  22      9                                                                                                                                                                                                                                                     
  23      9                                                                                                                                                                                                                                                     
  24      9                                                                                                                                                                                                                                                     
  25      9                                                                                                                                                                                                                                                     
  26      9                                                                                                                                                                                                                                                     
  27      9                                                                                                                                                                                                                                                     
  28      9                                                                                                                                                                                                                                                     
  29      9                                                                                                                                                                                                                                                     
  30     10                                                                                                                                                                                                                                                     
  31     10                                                                                                                                                                                                                                                     
  32     10                                                                                                                                                                                                                                                     
  33     11                                                                                                                                                                                                                                                     
  34     12                                                                                                                                                                                                                                                     
  35     13                                                                                                                                                                                                                                                     
  36     15                                                                                                                                                                                                                                                     
  37     18                                                                                                                                                                                                                                                     
  38     24                                                                                                                                                                                                                                                     
  39     37                                                                                                                                                                                                                                                     
  40     48                                                                                                                                                                                                                                                     
