NCR SEM TN GSTDZALL Final Content:SS Level:20 Form:G Other:CB (13SEP07)                                                                                                                                                                                         
   0    113                                                                                                                                                                                                                                                     
   1    113                                                                                                                                                                                                                                                     
   2    113                                                                                                                                                                                                                                                     
   3    113                                                                                                                                                                                                                                                     
   4    113                                                                                                                                                                                                                                                     
   5    113                                                                                                                                                                                                                                                     
   6    113                                                                                                                                                                                                                                                     
   7    113                                                                                                                                                                                                                                                     
   8     54                                                                                                                                                                                                                                                     
   9     35                                                                                                                                                                                                                                                     
  10     24                                                                                                                                                                                                                                                     
  11     19                                                                                                                                                                                                                                                     
  12     16                                                                                                                                                                                                                                                     
  13     14                                                                                                                                                                                                                                                     
  14     12                                                                                                                                                                                                                                                     
  15     11                                                                                                                                                                                                                                                     
  16     11                                                                                                                                                                                                                                                     
  17     10                                                                                                                                                                                                                                                     
  18     10                                                                                                                                                                                                                                                     
  19      9                                                                                                                                                                                                                                                     
  20      9                                                                                                                                                                                                                                                     
  21      9                                                                                                                                                                                                                                                     
  22      9                                                                                                                                                                                                                                                     
  23      9                                                                                                                                                                                                                                                     
  24      8                                                                                                                                                                                                                                                     
  25      8                                                                                                                                                                                                                                                     
  26      9                                                                                                                                                                                                                                                     
  27      9                                                                                                                                                                                                                                                     
  28      9                                                                                                                                                                                                                                                     
  29      9                                                                                                                                                                                                                                                     
  30      9                                                                                                                                                                                                                                                     
  31      9                                                                                                                                                                                                                                                     
  32     10                                                                                                                                                                                                                                                     
  33     10                                                                                                                                                                                                                                                     
  34     11                                                                                                                                                                                                                                                     
  35     11                                                                                                                                                                                                                                                     
  36     13                                                                                                                                                                                                                                                     
  37     15                                                                                                                                                                                                                                                     
  38     19                                                                                                                                                                                                                                                     
  39     29                                                                                                                                                                                                                                                     
  40     59                                                                                                                                                                                                                                                     
