NCR SEM TN GSTDZALL Final Content:SS Level:20 Form:G Other:MA (13SEP07)                                                                                                                                                                                         
   0    105                                                                                                                                                                                                                                                     
   1    105                                                                                                                                                                                                                                                     
   2    105                                                                                                                                                                                                                                                     
   3    105                                                                                                                                                                                                                                                     
   4    105                                                                                                                                                                                                                                                     
   5     81                                                                                                                                                                                                                                                     
   6     45                                                                                                                                                                                                                                                     
   7     29                                                                                                                                                                                                                                                     
   8     21                                                                                                                                                                                                                                                     
   9     18                                                                                                                                                                                                                                                     
  10     15                                                                                                                                                                                                                                                     
  11     13                                                                                                                                                                                                                                                     
  12     12                                                                                                                                                                                                                                                     
  13     11                                                                                                                                                                                                                                                     
  14     11                                                                                                                                                                                                                                                     
  15     10                                                                                                                                                                                                                                                     
  16     10                                                                                                                                                                                                                                                     
  17      9                                                                                                                                                                                                                                                     
  18      9                                                                                                                                                                                                                                                     
  19      9                                                                                                                                                                                                                                                     
  20      9                                                                                                                                                                                                                                                     
  21      9                                                                                                                                                                                                                                                     
  22      9                                                                                                                                                                                                                                                     
  23      9                                                                                                                                                                                                                                                     
  24      9                                                                                                                                                                                                                                                     
  25      9                                                                                                                                                                                                                                                     
  26      9                                                                                                                                                                                                                                                     
  27      9                                                                                                                                                                                                                                                     
  28      9                                                                                                                                                                                                                                                     
  29     10                                                                                                                                                                                                                                                     
  30     10                                                                                                                                                                                                                                                     
  31     11                                                                                                                                                                                                                                                     
  32     11                                                                                                                                                                                                                                                     
  33     12                                                                                                                                                                                                                                                     
  34     13                                                                                                                                                                                                                                                     
  35     14                                                                                                                                                                                                                                                     
  36     15                                                                                                                                                                                                                                                     
  37     17                                                                                                                                                                                                                                                     
  38     20                                                                                                                                                                                                                                                     
  39     26                                                                                                                                                                                                                                                     
  40     38                                                                                                                                                                                                                                                     
  41     41                                                                                                                                                                                                                                                     
