NCR SEM TN GSTDZALL Final Content:SS Level:21 Form:G Other:MA (13SEP07)                                                                                                                                                                                         
   0    111                                                                                                                                                                                                                                                     
   1    111                                                                                                                                                                                                                                                     
   2    111                                                                                                                                                                                                                                                     
   3    111                                                                                                                                                                                                                                                     
   4    111                                                                                                                                                                                                                                                     
   5    111                                                                                                                                                                                                                                                     
   6     57                                                                                                                                                                                                                                                     
   7     35                                                                                                                                                                                                                                                     
   8     24                                                                                                                                                                                                                                                     
   9     19                                                                                                                                                                                                                                                     
  10     16                                                                                                                                                                                                                                                     
  11     14                                                                                                                                                                                                                                                     
  12     13                                                                                                                                                                                                                                                     
  13     12                                                                                                                                                                                                                                                     
  14     11                                                                                                                                                                                                                                                     
  15     11                                                                                                                                                                                                                                                     
  16     10                                                                                                                                                                                                                                                     
  17     10                                                                                                                                                                                                                                                     
  18     10                                                                                                                                                                                                                                                     
  19      9                                                                                                                                                                                                                                                     
  20      9                                                                                                                                                                                                                                                     
  21      9                                                                                                                                                                                                                                                     
  22      9                                                                                                                                                                                                                                                     
  23      9                                                                                                                                                                                                                                                     
  24      9                                                                                                                                                                                                                                                     
  25      9                                                                                                                                                                                                                                                     
  26      9                                                                                                                                                                                                                                                     
  27      9                                                                                                                                                                                                                                                     
  28     10                                                                                                                                                                                                                                                     
  29     10                                                                                                                                                                                                                                                     
  30     10                                                                                                                                                                                                                                                     
  31     10                                                                                                                                                                                                                                                     
  32     10                                                                                                                                                                                                                                                     
  33     11                                                                                                                                                                                                                                                     
  34     11                                                                                                                                                                                                                                                     
  35     12                                                                                                                                                                                                                                                     
  36     12                                                                                                                                                                                                                                                     
  37     13                                                                                                                                                                                                                                                     
  38     14                                                                                                                                                                                                                                                     
  39     16                                                                                                                                                                                                                                                     
  40     18                                                                                                                                                                                                                                                     
  41     21                                                                                                                                                                                                                                                     
  42     27                                                                                                                                                                                                                                                     
  43     40                                                                                                                                                                                                                                                     
  44     46                                                                                                                                                                                                                                                     
