NCR SEM TN GSTDZALL Final Content:SS Level:17 Form:G Other:MA (13SEP07)                                                                                                                                                                                         
   0    111                                                                                                                                                                                                                                                     
   1    111                                                                                                                                                                                                                                                     
   2    111                                                                                                                                                                                                                                                     
   3    111                                                                                                                                                                                                                                                     
   4    111                                                                                                                                                                                                                                                     
   5    111                                                                                                                                                                                                                                                     
   6     53                                                                                                                                                                                                                                                     
   7     34                                                                                                                                                                                                                                                     
   8     25                                                                                                                                                                                                                                                     
   9     21                                                                                                                                                                                                                                                     
  10     18                                                                                                                                                                                                                                                     
  11     16                                                                                                                                                                                                                                                     
  12     15                                                                                                                                                                                                                                                     
  13     14                                                                                                                                                                                                                                                     
  14     13                                                                                                                                                                                                                                                     
  15     13                                                                                                                                                                                                                                                     
  16     12                                                                                                                                                                                                                                                     
  17     11                                                                                                                                                                                                                                                     
  18     11                                                                                                                                                                                                                                                     
  19     10                                                                                                                                                                                                                                                     
  20     10                                                                                                                                                                                                                                                     
  21     10                                                                                                                                                                                                                                                     
  22      9                                                                                                                                                                                                                                                     
  23      9                                                                                                                                                                                                                                                     
  24      9                                                                                                                                                                                                                                                     
  25      9                                                                                                                                                                                                                                                     
  26      9                                                                                                                                                                                                                                                     
  27      9                                                                                                                                                                                                                                                     
  28      9                                                                                                                                                                                                                                                     
  29      9                                                                                                                                                                                                                                                     
  30     10                                                                                                                                                                                                                                                     
  31     10                                                                                                                                                                                                                                                     
  32     10                                                                                                                                                                                                                                                     
  33     11                                                                                                                                                                                                                                                     
  34     11                                                                                                                                                                                                                                                     
  35     12                                                                                                                                                                                                                                                     
  36     12                                                                                                                                                                                                                                                     
  37     13                                                                                                                                                                                                                                                     
  38     15                                                                                                                                                                                                                                                     
  39     17                                                                                                                                                                                                                                                     
  40     20                                                                                                                                                                                                                                                     
  41     25                                                                                                                                                                                                                                                     
  42     34                                                                                                                                                                                                                                                     
  43     34                                                                                                                                                                                                                                                     
