NCR SEM TN GSTDZALL Final Content:SS Level:14 Form:G Other:MA (13SEP07)                                                                                                                                                                                         
   0    122                                                                                                                                                                                                                                                     
   1    122                                                                                                                                                                                                                                                     
   2    122                                                                                                                                                                                                                                                     
   3    122                                                                                                                                                                                                                                                     
   4    122                                                                                                                                                                                                                                                     
   5    104                                                                                                                                                                                                                                                     
   6     53                                                                                                                                                                                                                                                     
   7     34                                                                                                                                                                                                                                                     
   8     26                                                                                                                                                                                                                                                     
   9     21                                                                                                                                                                                                                                                     
  10     18                                                                                                                                                                                                                                                     
  11     16                                                                                                                                                                                                                                                     
  12     15                                                                                                                                                                                                                                                     
  13     14                                                                                                                                                                                                                                                     
  14     13                                                                                                                                                                                                                                                     
  15     12                                                                                                                                                                                                                                                     
  16     12                                                                                                                                                                                                                                                     
  17     11                                                                                                                                                                                                                                                     
  18     11                                                                                                                                                                                                                                                     
  19     11                                                                                                                                                                                                                                                     
  20     11                                                                                                                                                                                                                                                     
  21     10                                                                                                                                                                                                                                                     
  22     10                                                                                                                                                                                                                                                     
  23     10                                                                                                                                                                                                                                                     
  24     10                                                                                                                                                                                                                                                     
  25     10                                                                                                                                                                                                                                                     
  26     10                                                                                                                                                                                                                                                     
  27     10                                                                                                                                                                                                                                                     
  28     10                                                                                                                                                                                                                                                     
  29     10                                                                                                                                                                                                                                                     
  30     10                                                                                                                                                                                                                                                     
  31     10                                                                                                                                                                                                                                                     
  32     10                                                                                                                                                                                                                                                     
  33     11                                                                                                                                                                                                                                                     
  34     11                                                                                                                                                                                                                                                     
  35     11                                                                                                                                                                                                                                                     
  36     12                                                                                                                                                                                                                                                     
  37     12                                                                                                                                                                                                                                                     
  38     13                                                                                                                                                                                                                                                     
  39     14                                                                                                                                                                                                                                                     
  40     15                                                                                                                                                                                                                                                     
  41     17                                                                                                                                                                                                                                                     
  42     19                                                                                                                                                                                                                                                     
  43     24                                                                                                                                                                                                                                                     
  44     34                                                                                                                                                                                                                                                     
  45     41                                                                                                                                                                                                                                                     
