NCR SEM TN GSTDZALL Final Content:SS Level:13 Form:G Other:CB (13SEP07)                                                                                                                                                                                         
   0    145                                                                                                                                                                                                                                                     
   1    145                                                                                                                                                                                                                                                     
   2    145                                                                                                                                                                                                                                                     
   3    145                                                                                                                                                                                                                                                     
   4    145                                                                                                                                                                                                                                                     
   5    145                                                                                                                                                                                                                                                     
   6    145                                                                                                                                                                                                                                                     
   7     51                                                                                                                                                                                                                                                     
   8     33                                                                                                                                                                                                                                                     
   9     23                                                                                                                                                                                                                                                     
  10     18                                                                                                                                                                                                                                                     
  11     16                                                                                                                                                                                                                                                     
  12     14                                                                                                                                                                                                                                                     
  13     13                                                                                                                                                                                                                                                     
  14     12                                                                                                                                                                                                                                                     
  15     11                                                                                                                                                                                                                                                     
  16     11                                                                                                                                                                                                                                                     
  17     10                                                                                                                                                                                                                                                     
  18     10                                                                                                                                                                                                                                                     
  19     10                                                                                                                                                                                                                                                     
  20     10                                                                                                                                                                                                                                                     
  21     10                                                                                                                                                                                                                                                     
  22     10                                                                                                                                                                                                                                                     
  23     10                                                                                                                                                                                                                                                     
  24     10                                                                                                                                                                                                                                                     
  25     10                                                                                                                                                                                                                                                     
  26     10                                                                                                                                                                                                                                                     
  27     11                                                                                                                                                                                                                                                     
  28     11                                                                                                                                                                                                                                                     
  29     12                                                                                                                                                                                                                                                     
  30     12                                                                                                                                                                                                                                                     
  31     14                                                                                                                                                                                                                                                     
  32     15                                                                                                                                                                                                                                                     
  33     19                                                                                                                                                                                                                                                     
  34     27                                                                                                                                                                                                                                                     
  35     74                                                                                                                                                                                                                                                     
