NCR SEM TN GSTDZALL Final Content:SS Level:15 Form:G Other:CB (13SEP07)                                                                                                                                                                                         
   0    125                                                                                                                                                                                                                                                     
   1    125                                                                                                                                                                                                                                                     
   2    125                                                                                                                                                                                                                                                     
   3    125                                                                                                                                                                                                                                                     
   4    125                                                                                                                                                                                                                                                     
   5    125                                                                                                                                                                                                                                                     
   6    125                                                                                                                                                                                                                                                     
   7    125                                                                                                                                                                                                                                                     
   8    125                                                                                                                                                                                                                                                     
   9     75                                                                                                                                                                                                                                                     
  10     44                                                                                                                                                                                                                                                     
  11     30                                                                                                                                                                                                                                                     
  12     22                                                                                                                                                                                                                                                     
  13     19                                                                                                                                                                                                                                                     
  14     16                                                                                                                                                                                                                                                     
  15     14                                                                                                                                                                                                                                                     
  16     13                                                                                                                                                                                                                                                     
  17     12                                                                                                                                                                                                                                                     
  18     11                                                                                                                                                                                                                                                     
  19     10                                                                                                                                                                                                                                                     
  20     10                                                                                                                                                                                                                                                     
  21      9                                                                                                                                                                                                                                                     
  22      9                                                                                                                                                                                                                                                     
  23      9                                                                                                                                                                                                                                                     
  24      9                                                                                                                                                                                                                                                     
  25      9                                                                                                                                                                                                                                                     
  26      9                                                                                                                                                                                                                                                     
  27      9                                                                                                                                                                                                                                                     
  28      9                                                                                                                                                                                                                                                     
  29      9                                                                                                                                                                                                                                                     
  30     10                                                                                                                                                                                                                                                     
  31     10                                                                                                                                                                                                                                                     
  32     11                                                                                                                                                                                                                                                     
  33     11                                                                                                                                                                                                                                                     
  34     12                                                                                                                                                                                                                                                     
  35     14                                                                                                                                                                                                                                                     
  36     15                                                                                                                                                                                                                                                     
  37     17                                                                                                                                                                                                                                                     
  38     19                                                                                                                                                                                                                                                     
  39     29                                                                                                                                                                                                                                                     
  40     54                                                                                                                                                                                                                                                     
