NCR SEM TN GSTDZALL Final Content:SS Level:13 Form:G Other:MA (13SEP07)                                                                                                                                                                                         
   0    125                                                                                                                                                                                                                                                     
   1    125                                                                                                                                                                                                                                                     
   2    125                                                                                                                                                                                                                                                     
   3    125                                                                                                                                                                                                                                                     
   4     71                                                                                                                                                                                                                                                     
   5     41                                                                                                                                                                                                                                                     
   6     28                                                                                                                                                                                                                                                     
   7     23                                                                                                                                                                                                                                                     
   8     19                                                                                                                                                                                                                                                     
   9     17                                                                                                                                                                                                                                                     
  10     15                                                                                                                                                                                                                                                     
  11     14                                                                                                                                                                                                                                                     
  12     13                                                                                                                                                                                                                                                     
  13     12                                                                                                                                                                                                                                                     
  14     12                                                                                                                                                                                                                                                     
  15     11                                                                                                                                                                                                                                                     
  16     11                                                                                                                                                                                                                                                     
  17     11                                                                                                                                                                                                                                                     
  18     11                                                                                                                                                                                                                                                     
  19     11                                                                                                                                                                                                                                                     
  20     11                                                                                                                                                                                                                                                     
  21     11                                                                                                                                                                                                                                                     
  22     11                                                                                                                                                                                                                                                     
  23     11                                                                                                                                                                                                                                                     
  24     12                                                                                                                                                                                                                                                     
  25     12                                                                                                                                                                                                                                                     
  26     13                                                                                                                                                                                                                                                     
  27     14                                                                                                                                                                                                                                                     
  28     15                                                                                                                                                                                                                                                     
  29     17                                                                                                                                                                                                                                                     
  30     19                                                                                                                                                                                                                                                     
  31     23                                                                                                                                                                                                                                                     
  32     31                                                                                                                                                                                                                                                     
  33     48                                                                                                                                                                                                                                                     
  34     62                                                                                                                                                                                                                                                     
