NCR SEM TN GSTDZALL Final Content:SS Level:11 Form:G Other:MA (13SEP07)                                                                                                                                                                                         
   0    107                                                                                                                                                                                                                                                     
   1    107                                                                                                                                                                                                                                                     
   2    107                                                                                                                                                                                                                                                     
   3    107                                                                                                                                                                                                                                                     
   4    107                                                                                                                                                                                                                                                     
   5    107                                                                                                                                                                                                                                                     
   6     91                                                                                                                                                                                                                                                     
   7     55                                                                                                                                                                                                                                                     
   8     36                                                                                                                                                                                                                                                     
   9     27                                                                                                                                                                                                                                                     
  10     22                                                                                                                                                                                                                                                     
  11     19                                                                                                                                                                                                                                                     
  12     17                                                                                                                                                                                                                                                     
  13     15                                                                                                                                                                                                                                                     
  14     14                                                                                                                                                                                                                                                     
  15     13                                                                                                                                                                                                                                                     
  16     13                                                                                                                                                                                                                                                     
  17     12                                                                                                                                                                                                                                                     
  18     12                                                                                                                                                                                                                                                     
  19     11                                                                                                                                                                                                                                                     
  20     11                                                                                                                                                                                                                                                     
  21     11                                                                                                                                                                                                                                                     
  22     11                                                                                                                                                                                                                                                     
  23     11                                                                                                                                                                                                                                                     
  24     11                                                                                                                                                                                                                                                     
  25     11                                                                                                                                                                                                                                                     
  26     11                                                                                                                                                                                                                                                     
  27     11                                                                                                                                                                                                                                                     
  28     12                                                                                                                                                                                                                                                     
  29     12                                                                                                                                                                                                                                                     
  30     12                                                                                                                                                                                                                                                     
  31     13                                                                                                                                                                                                                                                     
  32     15                                                                                                                                                                                                                                                     
  33     18                                                                                                                                                                                                                                                     
  34     22                                                                                                                                                                                                                                                     
  35     27                                                                                                                                                                                                                                                     
  36     37                                                                                                                                                                                                                                                     
  37     37                                                                                                                                                                                                                                                     
