NCR SS  TN GSTDZALL Final Content:LA Level:19 Form:G Other:MA (18SEP07)                                                                                                                                                                                         
   0    530                                                                                                                                                                                                                                                     
   1    530                                                                                                                                                                                                                                                     
   2    530                                                                                                                                                                                                                                                     
   3    530                                                                                                                                                                                                                                                     
   4    530                                                                                                                                                                                                                                                     
   5    530                                                                                                                                                                                                                                                     
   6    558                                                                                                                                                                                                                                                     
   7    585                                                                                                                                                                                                                                                     
   8    600                                                                                                                                                                                                                                                     
   9    611                                                                                                                                                                                                                                                     
  10    619                                                                                                                                                                                                                                                     
  11    626                                                                                                                                                                                                                                                     
  12    633                                                                                                                                                                                                                                                     
  13    638                                                                                                                                                                                                                                                     
  14    643                                                                                                                                                                                                                                                     
  15    648                                                                                                                                                                                                                                                     
  16    653                                                                                                                                                                                                                                                     
  17    657                                                                                                                                                                                                                                                     
  18    662                                                                                                                                                                                                                                                     
  19    666                                                                                                                                                                                                                                                     
  20    670                                                                                                                                                                                                                                                     
  21    674                                                                                                                                                                                                                                                     
  22    679                                                                                                                                                                                                                                                     
  23    683                                                                                                                                                                                                                                                     
  24    687                                                                                                                                                                                                                                                     
  25    692                                                                                                                                                                                                                                                     
  26    696                                                                                                                                                                                                                                                     
  27    701                                                                                                                                                                                                                                                     
  28    706                                                                                                                                                                                                                                                     
  29    712                                                                                                                                                                                                                                                     
  30    718                                                                                                                                                                                                                                                     
  31    724                                                                                                                                                                                                                                                     
  32    731                                                                                                                                                                                                                                                     
  33    739                                                                                                                                                                                                                                                     
  34    748                                                                                                                                                                                                                                                     
  35    761                                                                                                                                                                                                                                                     
  36    778                                                                                                                                                                                                                                                     
  37    808                                                                                                                                                                                                                                                     
  38    829                                                                                                                                                                                                                                                     
