NCR SS  TN GSTDZALL Final Content:LA Level:19 Form:G Other:CB (18SEP07)                                                                                                                                                                                         
   0    530                                                                                                                                                                                                                                                     
   1    530                                                                                                                                                                                                                                                     
   2    530                                                                                                                                                                                                                                                     
   3    530                                                                                                                                                                                                                                                     
   4    530                                                                                                                                                                                                                                                     
   5    530                                                                                                                                                                                                                                                     
   6    530                                                                                                                                                                                                                                                     
   7    562                                                                                                                                                                                                                                                     
   8    594                                                                                                                                                                                                                                                     
   9    609                                                                                                                                                                                                                                                     
  10    619                                                                                                                                                                                                                                                     
  11    626                                                                                                                                                                                                                                                     
  12    633                                                                                                                                                                                                                                                     
  13    639                                                                                                                                                                                                                                                     
  14    644                                                                                                                                                                                                                                                     
  15    649                                                                                                                                                                                                                                                     
  16    653                                                                                                                                                                                                                                                     
  17    658                                                                                                                                                                                                                                                     
  18    662                                                                                                                                                                                                                                                     
  19    666                                                                                                                                                                                                                                                     
  20    671                                                                                                                                                                                                                                                     
  21    675                                                                                                                                                                                                                                                     
  22    679                                                                                                                                                                                                                                                     
  23    684                                                                                                                                                                                                                                                     
  24    689                                                                                                                                                                                                                                                     
  25    694                                                                                                                                                                                                                                                     
  26    700                                                                                                                                                                                                                                                     
  27    706                                                                                                                                                                                                                                                     
  28    713                                                                                                                                                                                                                                                     
  29    721                                                                                                                                                                                                                                                     
  30    729                                                                                                                                                                                                                                                     
  31    738                                                                                                                                                                                                                                                     
  32    751                                                                                                                                                                                                                                                     
  33    773                                                                                                                                                                                                                                                     
  34    829                                                                                                                                                                                                                                                     
