NCR SS  TN GSTDZALL Final Content:LA Level:17 Form:G Other:SV (18SEP07)                                                                                                                                                                                         
   0    502                                                                                                                                                                                                                                                     
   1    502                                                                                                                                                                                                                                                     
   2    502                                                                                                                                                                                                                                                     
   3    502                                                                                                                                                                                                                                                     
   4    502                                                                                                                                                                                                                                                     
   5    502                                                                                                                                                                                                                                                     
   6    561                                                                                                                                                                                                                                                     
   7    587                                                                                                                                                                                                                                                     
   8    601                                                                                                                                                                                                                                                     
   9    611                                                                                                                                                                                                                                                     
  10    620                                                                                                                                                                                                                                                     
  11    627                                                                                                                                                                                                                                                     
  12    633                                                                                                                                                                                                                                                     
  13    639                                                                                                                                                                                                                                                     
  14    645                                                                                                                                                                                                                                                     
  15    651                                                                                                                                                                                                                                                     
  16    656                                                                                                                                                                                                                                                     
  17    661                                                                                                                                                                                                                                                     
  18    667                                                                                                                                                                                                                                                     
  19    672                                                                                                                                                                                                                                                     
  20    678                                                                                                                                                                                                                                                     
  21    685                                                                                                                                                                                                                                                     
  22    692                                                                                                                                                                                                                                                     
  23    701                                                                                                                                                                                                                                                     
  24    713                                                                                                                                                                                                                                                     
  25    730                                                                                                                                                                                                                                                     
  26    761                                                                                                                                                                                                                                                     
  27    814                                                                                                                                                                                                                                                     
