NCR SS  TN GSTDZALL Final Content:LA Level:16 Form:G Other:MA (18SEP07)                                                                                                                                                                                         
   0    495                                                                                                                                                                                                                                                     
   1    495                                                                                                                                                                                                                                                     
   2    495                                                                                                                                                                                                                                                     
   3    495                                                                                                                                                                                                                                                     
   4    495                                                                                                                                                                                                                                                     
   5    495                                                                                                                                                                                                                                                     
   6    516                                                                                                                                                                                                                                                     
   7    559                                                                                                                                                                                                                                                     
   8    578                                                                                                                                                                                                                                                     
   9    591                                                                                                                                                                                                                                                     
  10    600                                                                                                                                                                                                                                                     
  11    608                                                                                                                                                                                                                                                     
  12    614                                                                                                                                                                                                                                                     
  13    620                                                                                                                                                                                                                                                     
  14    625                                                                                                                                                                                                                                                     
  15    630                                                                                                                                                                                                                                                     
  16    634                                                                                                                                                                                                                                                     
  17    639                                                                                                                                                                                                                                                     
  18    643                                                                                                                                                                                                                                                     
  19    647                                                                                                                                                                                                                                                     
  20    651                                                                                                                                                                                                                                                     
  21    655                                                                                                                                                                                                                                                     
  22    660                                                                                                                                                                                                                                                     
  23    664                                                                                                                                                                                                                                                     
  24    669                                                                                                                                                                                                                                                     
  25    673                                                                                                                                                                                                                                                     
  26    678                                                                                                                                                                                                                                                     
  27    683                                                                                                                                                                                                                                                     
  28    689                                                                                                                                                                                                                                                     
  29    694                                                                                                                                                                                                                                                     
  30    700                                                                                                                                                                                                                                                     
  31    707                                                                                                                                                                                                                                                     
  32    714                                                                                                                                                                                                                                                     
  33    722                                                                                                                                                                                                                                                     
  34    733                                                                                                                                                                                                                                                     
  35    746                                                                                                                                                                                                                                                     
  36    766                                                                                                                                                                                                                                                     
  37    802                                                                                                                                                                                                                                                     
  38    808                                                                                                                                                                                                                                                     
