NCR SS  TN GSTDZALL Final Content:LA Level:20 Form:G Other:CB (18SEP07)                                                                                                                                                                                         
   0    535                                                                                                                                                                                                                                                     
   1    535                                                                                                                                                                                                                                                     
   2    535                                                                                                                                                                                                                                                     
   3    535                                                                                                                                                                                                                                                     
   4    535                                                                                                                                                                                                                                                     
   5    535                                                                                                                                                                                                                                                     
   6    535                                                                                                                                                                                                                                                     
   7    535                                                                                                                                                                                                                                                     
   8    602                                                                                                                                                                                                                                                     
   9    621                                                                                                                                                                                                                                                     
  10    634                                                                                                                                                                                                                                                     
  11    643                                                                                                                                                                                                                                                     
  12    650                                                                                                                                                                                                                                                     
  13    656                                                                                                                                                                                                                                                     
  14    661                                                                                                                                                                                                                                                     
  15    666                                                                                                                                                                                                                                                     
  16    670                                                                                                                                                                                                                                                     
  17    674                                                                                                                                                                                                                                                     
  18    678                                                                                                                                                                                                                                                     
  19    682                                                                                                                                                                                                                                                     
  20    685                                                                                                                                                                                                                                                     
  21    689                                                                                                                                                                                                                                                     
  22    693                                                                                                                                                                                                                                                     
  23    697                                                                                                                                                                                                                                                     
  24    701                                                                                                                                                                                                                                                     
  25    705                                                                                                                                                                                                                                                     
  26    709                                                                                                                                                                                                                                                     
  27    714                                                                                                                                                                                                                                                     
  28    719                                                                                                                                                                                                                                                     
  29    725                                                                                                                                                                                                                                                     
  30    731                                                                                                                                                                                                                                                     
  31    740                                                                                                                                                                                                                                                     
  32    751                                                                                                                                                                                                                                                     
  33    771                                                                                                                                                                                                                                                     
  34    835                                                                                                                                                                                                                                                     
