NCR SS  TN GSTDZALL Final Content:LA Level:18 Form:G Other:MA (18SEP07)                                                                                                                                                                                         
   0    523                                                                                                                                                                                                                                                     
   1    523                                                                                                                                                                                                                                                     
   2    523                                                                                                                                                                                                                                                     
   3    523                                                                                                                                                                                                                                                     
   4    523                                                                                                                                                                                                                                                     
   5    523                                                                                                                                                                                                                                                     
   6    528                                                                                                                                                                                                                                                     
   7    567                                                                                                                                                                                                                                                     
   8    588                                                                                                                                                                                                                                                     
   9    602                                                                                                                                                                                                                                                     
  10    613                                                                                                                                                                                                                                                     
  11    621                                                                                                                                                                                                                                                     
  12    629                                                                                                                                                                                                                                                     
  13    635                                                                                                                                                                                                                                                     
  14    640                                                                                                                                                                                                                                                     
  15    645                                                                                                                                                                                                                                                     
  16    650                                                                                                                                                                                                                                                     
  17    654                                                                                                                                                                                                                                                     
  18    658                                                                                                                                                                                                                                                     
  19    662                                                                                                                                                                                                                                                     
  20    666                                                                                                                                                                                                                                                     
  21    670                                                                                                                                                                                                                                                     
  22    674                                                                                                                                                                                                                                                     
  23    678                                                                                                                                                                                                                                                     
  24    682                                                                                                                                                                                                                                                     
  25    686                                                                                                                                                                                                                                                     
  26    690                                                                                                                                                                                                                                                     
  27    694                                                                                                                                                                                                                                                     
  28    699                                                                                                                                                                                                                                                     
  29    704                                                                                                                                                                                                                                                     
  30    709                                                                                                                                                                                                                                                     
  31    715                                                                                                                                                                                                                                                     
  32    722                                                                                                                                                                                                                                                     
  33    730                                                                                                                                                                                                                                                     
  34    741                                                                                                                                                                                                                                                     
  35    754                                                                                                                                                                                                                                                     
  36    772                                                                                                                                                                                                                                                     
  37    800                                                                                                                                                                                                                                                     
  38    819                                                                                                                                                                                                                                                     
  39    819                                                                                                                                                                                                                                                     
