NCR SS  TN GSTDZALL Final Content:LA Level:14 Form:G Other:SV (18SEP07)                                                                                                                                                                                         
   0    465                                                                                                                                                                                                                                                     
   1    465                                                                                                                                                                                                                                                     
   2    465                                                                                                                                                                                                                                                     
   3    465                                                                                                                                                                                                                                                     
   4    465                                                                                                                                                                                                                                                     
   5    465                                                                                                                                                                                                                                                     
   6    541                                                                                                                                                                                                                                                     
   7    560                                                                                                                                                                                                                                                     
   8    571                                                                                                                                                                                                                                                     
   9    580                                                                                                                                                                                                                                                     
  10    587                                                                                                                                                                                                                                                     
  11    593                                                                                                                                                                                                                                                     
  12    599                                                                                                                                                                                                                                                     
  13    604                                                                                                                                                                                                                                                     
  14    608                                                                                                                                                                                                                                                     
  15    613                                                                                                                                                                                                                                                     
  16    617                                                                                                                                                                                                                                                     
  17    621                                                                                                                                                                                                                                                     
  18    626                                                                                                                                                                                                                                                     
  19    631                                                                                                                                                                                                                                                     
  20    636                                                                                                                                                                                                                                                     
  21    641                                                                                                                                                                                                                                                     
  22    647                                                                                                                                                                                                                                                     
  23    654                                                                                                                                                                                                                                                     
  24    662                                                                                                                                                                                                                                                     
  25    674                                                                                                                                                                                                                                                     
  26    692                                                                                                                                                                                                                                                     
  27    757                                                                                                                                                                                                                                                     
