NCR SS  TN GSTDZALL Final Content:LA Level:18 Form:G Other:SV (18SEP07)                                                                                                                                                                                         
   0    523                                                                                                                                                                                                                                                     
   1    523                                                                                                                                                                                                                                                     
   2    523                                                                                                                                                                                                                                                     
   3    523                                                                                                                                                                                                                                                     
   4    523                                                                                                                                                                                                                                                     
   5    523                                                                                                                                                                                                                                                     
   6    586                                                                                                                                                                                                                                                     
   7    607                                                                                                                                                                                                                                                     
   8    620                                                                                                                                                                                                                                                     
   9    629                                                                                                                                                                                                                                                     
  10    637                                                                                                                                                                                                                                                     
  11    644                                                                                                                                                                                                                                                     
  12    649                                                                                                                                                                                                                                                     
  13    655                                                                                                                                                                                                                                                     
  14    660                                                                                                                                                                                                                                                     
  15    665                                                                                                                                                                                                                                                     
  16    670                                                                                                                                                                                                                                                     
  17    675                                                                                                                                                                                                                                                     
  18    680                                                                                                                                                                                                                                                     
  19    685                                                                                                                                                                                                                                                     
  20    690                                                                                                                                                                                                                                                     
  21    696                                                                                                                                                                                                                                                     
  22    703                                                                                                                                                                                                                                                     
  23    711                                                                                                                                                                                                                                                     
  24    721                                                                                                                                                                                                                                                     
  25    735                                                                                                                                                                                                                                                     
  26    761                                                                                                                                                                                                                                                     
  27    819                                                                                                                                                                                                                                                     
