NCR SS  TN GSTDZALL Final Content:LA Level:14 Form:G Other:CB (18SEP07)                                                                                                                                                                                         
   0    465                                                                                                                                                                                                                                                     
   1    465                                                                                                                                                                                                                                                     
   2    465                                                                                                                                                                                                                                                     
   3    465                                                                                                                                                                                                                                                     
   4    465                                                                                                                                                                                                                                                     
   5    465                                                                                                                                                                                                                                                     
   6    465                                                                                                                                                                                                                                                     
   7    523                                                                                                                                                                                                                                                     
   8    551                                                                                                                                                                                                                                                     
   9    564                                                                                                                                                                                                                                                     
  10    574                                                                                                                                                                                                                                                     
  11    582                                                                                                                                                                                                                                                     
  12    588                                                                                                                                                                                                                                                     
  13    594                                                                                                                                                                                                                                                     
  14    598                                                                                                                                                                                                                                                     
  15    603                                                                                                                                                                                                                                                     
  16    607                                                                                                                                                                                                                                                     
  17    611                                                                                                                                                                                                                                                     
  18    614                                                                                                                                                                                                                                                     
  19    618                                                                                                                                                                                                                                                     
  20    621                                                                                                                                                                                                                                                     
  21    625                                                                                                                                                                                                                                                     
  22    629                                                                                                                                                                                                                                                     
  23    632                                                                                                                                                                                                                                                     
  24    636                                                                                                                                                                                                                                                     
  25    640                                                                                                                                                                                                                                                     
  26    644                                                                                                                                                                                                                                                     
  27    649                                                                                                                                                                                                                                                     
  28    654                                                                                                                                                                                                                                                     
  29    659                                                                                                                                                                                                                                                     
  30    666                                                                                                                                                                                                                                                     
  31    674                                                                                                                                                                                                                                                     
  32    684                                                                                                                                                                                                                                                     
  33    701                                                                                                                                                                                                                                                     
  34    757                                                                                                                                                                                                                                                     
