NCR SS  TN GSTDZALL Final Content:LA Level:15 Form:G Other:SV (18SEP07)                                                                                                                                                                                         
   0    480                                                                                                                                                                                                                                                     
   1    480                                                                                                                                                                                                                                                     
   2    480                                                                                                                                                                                                                                                     
   3    480                                                                                                                                                                                                                                                     
   4    480                                                                                                                                                                                                                                                     
   5    480                                                                                                                                                                                                                                                     
   6    540                                                                                                                                                                                                                                                     
   7    565                                                                                                                                                                                                                                                     
   8    579                                                                                                                                                                                                                                                     
   9    590                                                                                                                                                                                                                                                     
  10    598                                                                                                                                                                                                                                                     
  11    605                                                                                                                                                                                                                                                     
  12    612                                                                                                                                                                                                                                                     
  13    617                                                                                                                                                                                                                                                     
  14    623                                                                                                                                                                                                                                                     
  15    628                                                                                                                                                                                                                                                     
  16    633                                                                                                                                                                                                                                                     
  17    638                                                                                                                                                                                                                                                     
  18    644                                                                                                                                                                                                                                                     
  19    649                                                                                                                                                                                                                                                     
  20    655                                                                                                                                                                                                                                                     
  21    662                                                                                                                                                                                                                                                     
  22    669                                                                                                                                                                                                                                                     
  23    677                                                                                                                                                                                                                                                     
  24    687                                                                                                                                                                                                                                                     
  25    700                                                                                                                                                                                                                                                     
  26    722                                                                                                                                                                                                                                                     
  27    782                                                                                                                                                                                                                                                     
