NCR SS  TN GSTDZALL Final Content:LA Level:13 Form:G Other:MA (18SEP07)                                                                                                                                                                                         
   0    455                                                                                                                                                                                                                                                     
   1    455                                                                                                                                                                                                                                                     
   2    455                                                                                                                                                                                                                                                     
   3    455                                                                                                                                                                                                                                                     
   4    455                                                                                                                                                                                                                                                     
   5    496                                                                                                                                                                                                                                                     
   6    519                                                                                                                                                                                                                                                     
   7    534                                                                                                                                                                                                                                                     
   8    546                                                                                                                                                                                                                                                     
   9    556                                                                                                                                                                                                                                                     
  10    564                                                                                                                                                                                                                                                     
  11    572                                                                                                                                                                                                                                                     
  12    578                                                                                                                                                                                                                                                     
  13    585                                                                                                                                                                                                                                                     
  14    591                                                                                                                                                                                                                                                     
  15    597                                                                                                                                                                                                                                                     
  16    604                                                                                                                                                                                                                                                     
  17    610                                                                                                                                                                                                                                                     
  18    616                                                                                                                                                                                                                                                     
  19    623                                                                                                                                                                                                                                                     
  20    630                                                                                                                                                                                                                                                     
  21    637                                                                                                                                                                                                                                                     
  22    646                                                                                                                                                                                                                                                     
  23    656                                                                                                                                                                                                                                                     
  24    667                                                                                                                                                                                                                                                     
  25    682                                                                                                                                                                                                                                                     
  26    704                                                                                                                                                                                                                                                     
  27    730                                                                                                                                                                                                                                                     
  28    730                                                                                                                                                                                                                                                     
