NCR SS  TN GSTDZALL Final Content:LA Level:17 Form:G Other:MA (18SEP07)                                                                                                                                                                                         
   0    502                                                                                                                                                                                                                                                     
   1    502                                                                                                                                                                                                                                                     
   2    502                                                                                                                                                                                                                                                     
   3    502                                                                                                                                                                                                                                                     
   4    502                                                                                                                                                                                                                                                     
   5    502                                                                                                                                                                                                                                                     
   6    543                                                                                                                                                                                                                                                     
   7    573                                                                                                                                                                                                                                                     
   8    589                                                                                                                                                                                                                                                     
   9    599                                                                                                                                                                                                                                                     
  10    608                                                                                                                                                                                                                                                     
  11    615                                                                                                                                                                                                                                                     
  12    621                                                                                                                                                                                                                                                     
  13    626                                                                                                                                                                                                                                                     
  14    631                                                                                                                                                                                                                                                     
  15    636                                                                                                                                                                                                                                                     
  16    641                                                                                                                                                                                                                                                     
  17    645                                                                                                                                                                                                                                                     
  18    649                                                                                                                                                                                                                                                     
  19    653                                                                                                                                                                                                                                                     
  20    657                                                                                                                                                                                                                                                     
  21    660                                                                                                                                                                                                                                                     
  22    664                                                                                                                                                                                                                                                     
  23    668                                                                                                                                                                                                                                                     
  24    672                                                                                                                                                                                                                                                     
  25    676                                                                                                                                                                                                                                                     
  26    680                                                                                                                                                                                                                                                     
  27    684                                                                                                                                                                                                                                                     
  28    689                                                                                                                                                                                                                                                     
  29    694                                                                                                                                                                                                                                                     
  30    699                                                                                                                                                                                                                                                     
  31    705                                                                                                                                                                                                                                                     
  32    712                                                                                                                                                                                                                                                     
  33    720                                                                                                                                                                                                                                                     
  34    730                                                                                                                                                                                                                                                     
  35    741                                                                                                                                                                                                                                                     
  36    755                                                                                                                                                                                                                                                     
  37    775                                                                                                                                                                                                                                                     
  38    805                                                                                                                                                                                                                                                     
  39    814                                                                                                                                                                                                                                                     
