NCR SS  TN GSTDZALL Final Content:LA Level:16 Form:G Other:SV (18SEP07)                                                                                                                                                                                         
   0    495                                                                                                                                                                                                                                                     
   1    495                                                                                                                                                                                                                                                     
   2    495                                                                                                                                                                                                                                                     
   3    495                                                                                                                                                                                                                                                     
   4    495                                                                                                                                                                                                                                                     
   5    495                                                                                                                                                                                                                                                     
   6    542                                                                                                                                                                                                                                                     
   7    577                                                                                                                                                                                                                                                     
   8    594                                                                                                                                                                                                                                                     
   9    605                                                                                                                                                                                                                                                     
  10    614                                                                                                                                                                                                                                                     
  11    621                                                                                                                                                                                                                                                     
  12    627                                                                                                                                                                                                                                                     
  13    633                                                                                                                                                                                                                                                     
  14    638                                                                                                                                                                                                                                                     
  15    643                                                                                                                                                                                                                                                     
  16    648                                                                                                                                                                                                                                                     
  17    653                                                                                                                                                                                                                                                     
  18    659                                                                                                                                                                                                                                                     
  19    665                                                                                                                                                                                                                                                     
  20    671                                                                                                                                                                                                                                                     
  21    678                                                                                                                                                                                                                                                     
  22    685                                                                                                                                                                                                                                                     
  23    693                                                                                                                                                                                                                                                     
  24    703                                                                                                                                                                                                                                                     
  25    715                                                                                                                                                                                                                                                     
  26    734                                                                                                                                                                                                                                                     
  27    808                                                                                                                                                                                                                                                     
