NCR SS  TN GSTDZALL Final Content:LA Level:21 Form:G Other:MA (18SEP07)                                                                                                                                                                                         
   0    551                                                                                                                                                                                                                                                     
   1    551                                                                                                                                                                                                                                                     
   2    551                                                                                                                                                                                                                                                     
   3    551                                                                                                                                                                                                                                                     
   4    551                                                                                                                                                                                                                                                     
   5    551                                                                                                                                                                                                                                                     
   6    551                                                                                                                                                                                                                                                     
   7    586                                                                                                                                                                                                                                                     
   8    607                                                                                                                                                                                                                                                     
   9    621                                                                                                                                                                                                                                                     
  10    631                                                                                                                                                                                                                                                     
  11    639                                                                                                                                                                                                                                                     
  12    646                                                                                                                                                                                                                                                     
  13    653                                                                                                                                                                                                                                                     
  14    658                                                                                                                                                                                                                                                     
  15    663                                                                                                                                                                                                                                                     
  16    668                                                                                                                                                                                                                                                     
  17    672                                                                                                                                                                                                                                                     
  18    677                                                                                                                                                                                                                                                     
  19    681                                                                                                                                                                                                                                                     
  20    685                                                                                                                                                                                                                                                     
  21    689                                                                                                                                                                                                                                                     
  22    693                                                                                                                                                                                                                                                     
  23    697                                                                                                                                                                                                                                                     
  24    701                                                                                                                                                                                                                                                     
  25    705                                                                                                                                                                                                                                                     
  26    710                                                                                                                                                                                                                                                     
  27    714                                                                                                                                                                                                                                                     
  28    719                                                                                                                                                                                                                                                     
  29    725                                                                                                                                                                                                                                                     
  30    731                                                                                                                                                                                                                                                     
  31    738                                                                                                                                                                                                                                                     
  32    745                                                                                                                                                                                                                                                     
  33    755                                                                                                                                                                                                                                                     
  34    766                                                                                                                                                                                                                                                     
  35    781                                                                                                                                                                                                                                                     
  36    802                                                                                                                                                                                                                                                     
  37    840                                                                                                                                                                                                                                                     
  38    852                                                                                                                                                                                                                                                     
