NCR SS  TN GSTDZALL Final Content:LA Level:17 Form:G Other:CB (18SEP07)                                                                                                                                                                                         
   0    502                                                                                                                                                                                                                                                     
   1    502                                                                                                                                                                                                                                                     
   2    502                                                                                                                                                                                                                                                     
   3    502                                                                                                                                                                                                                                                     
   4    502                                                                                                                                                                                                                                                     
   5    502                                                                                                                                                                                                                                                     
   6    502                                                                                                                                                                                                                                                     
   7    523                                                                                                                                                                                                                                                     
   8    575                                                                                                                                                                                                                                                     
   9    593                                                                                                                                                                                                                                                     
  10    605                                                                                                                                                                                                                                                     
  11    614                                                                                                                                                                                                                                                     
  12    622                                                                                                                                                                                                                                                     
  13    628                                                                                                                                                                                                                                                     
  14    634                                                                                                                                                                                                                                                     
  15    639                                                                                                                                                                                                                                                     
  16    644                                                                                                                                                                                                                                                     
  17    649                                                                                                                                                                                                                                                     
  18    653                                                                                                                                                                                                                                                     
  19    657                                                                                                                                                                                                                                                     
  20    662                                                                                                                                                                                                                                                     
  21    666                                                                                                                                                                                                                                                     
  22    670                                                                                                                                                                                                                                                     
  23    674                                                                                                                                                                                                                                                     
  24    678                                                                                                                                                                                                                                                     
  25    682                                                                                                                                                                                                                                                     
  26    687                                                                                                                                                                                                                                                     
  27    692                                                                                                                                                                                                                                                     
  28    698                                                                                                                                                                                                                                                     
  29    705                                                                                                                                                                                                                                                     
  30    713                                                                                                                                                                                                                                                     
  31    724                                                                                                                                                                                                                                                     
  32    739                                                                                                                                                                                                                                                     
  33    767                                                                                                                                                                                                                                                     
  34    814                                                                                                                                                                                                                                                     
