NCR SS  TN GSTDZALL Final Content:LA Level:20 Form:G Other:SV (18SEP07)                                                                                                                                                                                         
   0    535                                                                                                                                                                                                                                                     
   1    535                                                                                                                                                                                                                                                     
   2    535                                                                                                                                                                                                                                                     
   3    535                                                                                                                                                                                                                                                     
   4    535                                                                                                                                                                                                                                                     
   5    535                                                                                                                                                                                                                                                     
   6    586                                                                                                                                                                                                                                                     
   7    617                                                                                                                                                                                                                                                     
   8    632                                                                                                                                                                                                                                                     
   9    643                                                                                                                                                                                                                                                     
  10    651                                                                                                                                                                                                                                                     
  11    658                                                                                                                                                                                                                                                     
  12    664                                                                                                                                                                                                                                                     
  13    670                                                                                                                                                                                                                                                     
  14    675                                                                                                                                                                                                                                                     
  15    680                                                                                                                                                                                                                                                     
  16    685                                                                                                                                                                                                                                                     
  17    690                                                                                                                                                                                                                                                     
  18    695                                                                                                                                                                                                                                                     
  19    700                                                                                                                                                                                                                                                     
  20    706                                                                                                                                                                                                                                                     
  21    712                                                                                                                                                                                                                                                     
  22    718                                                                                                                                                                                                                                                     
  23    726                                                                                                                                                                                                                                                     
  24    735                                                                                                                                                                                                                                                     
  25    747                                                                                                                                                                                                                                                     
  26    766                                                                                                                                                                                                                                                     
  27    835                                                                                                                                                                                                                                                     
