NCR SS  TN GSTDZALL Final Content:LA Level:19 Form:G Other:SV (18SEP07)                                                                                                                                                                                         
   0    530                                                                                                                                                                                                                                                     
   1    530                                                                                                                                                                                                                                                     
   2    530                                                                                                                                                                                                                                                     
   3    530                                                                                                                                                                                                                                                     
   4    530                                                                                                                                                                                                                                                     
   5    530                                                                                                                                                                                                                                                     
   6    580                                                                                                                                                                                                                                                     
   7    603                                                                                                                                                                                                                                                     
   8    616                                                                                                                                                                                                                                                     
   9    626                                                                                                                                                                                                                                                     
  10    634                                                                                                                                                                                                                                                     
  11    641                                                                                                                                                                                                                                                     
  12    647                                                                                                                                                                                                                                                     
  13    653                                                                                                                                                                                                                                                     
  14    659                                                                                                                                                                                                                                                     
  15    665                                                                                                                                                                                                                                                     
  16    671                                                                                                                                                                                                                                                     
  17    676                                                                                                                                                                                                                                                     
  18    683                                                                                                                                                                                                                                                     
  19    689                                                                                                                                                                                                                                                     
  20    696                                                                                                                                                                                                                                                     
  21    703                                                                                                                                                                                                                                                     
  22    712                                                                                                                                                                                                                                                     
  23    722                                                                                                                                                                                                                                                     
  24    734                                                                                                                                                                                                                                                     
  25    749                                                                                                                                                                                                                                                     
  26    772                                                                                                                                                                                                                                                     
  27    829                                                                                                                                                                                                                                                     
