NCR SS  TN GSTDZALL Final Content:LA Level:18 Form:G Other:CB (18SEP07)                                                                                                                                                                                         
   0    523                                                                                                                                                                                                                                                     
   1    523                                                                                                                                                                                                                                                     
   2    523                                                                                                                                                                                                                                                     
   3    523                                                                                                                                                                                                                                                     
   4    523                                                                                                                                                                                                                                                     
   5    523                                                                                                                                                                                                                                                     
   6    523                                                                                                                                                                                                                                                     
   7    571                                                                                                                                                                                                                                                     
   8    597                                                                                                                                                                                                                                                     
   9    610                                                                                                                                                                                                                                                     
  10    620                                                                                                                                                                                                                                                     
  11    628                                                                                                                                                                                                                                                     
  12    634                                                                                                                                                                                                                                                     
  13    640                                                                                                                                                                                                                                                     
  14    645                                                                                                                                                                                                                                                     
  15    650                                                                                                                                                                                                                                                     
  16    654                                                                                                                                                                                                                                                     
  17    658                                                                                                                                                                                                                                                     
  18    662                                                                                                                                                                                                                                                     
  19    666                                                                                                                                                                                                                                                     
  20    670                                                                                                                                                                                                                                                     
  21    674                                                                                                                                                                                                                                                     
  22    678                                                                                                                                                                                                                                                     
  23    682                                                                                                                                                                                                                                                     
  24    686                                                                                                                                                                                                                                                     
  25    690                                                                                                                                                                                                                                                     
  26    695                                                                                                                                                                                                                                                     
  27    700                                                                                                                                                                                                                                                     
  28    706                                                                                                                                                                                                                                                     
  29    712                                                                                                                                                                                                                                                     
  30    720                                                                                                                                                                                                                                                     
  31    730                                                                                                                                                                                                                                                     
  32    745                                                                                                                                                                                                                                                     
  33    771                                                                                                                                                                                                                                                     
  34    819                                                                                                                                                                                                                                                     
