NCR SS  TN GSTDZALL Final Content:LA Level:21 Form:G Other:SV (18SEP07)                                                                                                                                                                                         
   0    551                                                                                                                                                                                                                                                     
   1    551                                                                                                                                                                                                                                                     
   2    551                                                                                                                                                                                                                                                     
   3    551                                                                                                                                                                                                                                                     
   4    551                                                                                                                                                                                                                                                     
   5    551                                                                                                                                                                                                                                                     
   6    608                                                                                                                                                                                                                                                     
   7    627                                                                                                                                                                                                                                                     
   8    639                                                                                                                                                                                                                                                     
   9    648                                                                                                                                                                                                                                                     
  10    655                                                                                                                                                                                                                                                     
  11    662                                                                                                                                                                                                                                                     
  12    668                                                                                                                                                                                                                                                     
  13    673                                                                                                                                                                                                                                                     
  14    678                                                                                                                                                                                                                                                     
  15    683                                                                                                                                                                                                                                                     
  16    688                                                                                                                                                                                                                                                     
  17    693                                                                                                                                                                                                                                                     
  18    698                                                                                                                                                                                                                                                     
  19    703                                                                                                                                                                                                                                                     
  20    708                                                                                                                                                                                                                                                     
  21    714                                                                                                                                                                                                                                                     
  22    721                                                                                                                                                                                                                                                     
  23    729                                                                                                                                                                                                                                                     
  24    738                                                                                                                                                                                                                                                     
  25    752                                                                                                                                                                                                                                                     
  26    774                                                                                                                                                                                                                                                     
  27    852                                                                                                                                                                                                                                                     
