NCR SS  TN GSTDZALL Final Content:LA Level:14 Form:G Other:MA (18SEP07)                                                                                                                                                                                         
   0    465                                                                                                                                                                                                                                                     
   1    465                                                                                                                                                                                                                                                     
   2    465                                                                                                                                                                                                                                                     
   3    465                                                                                                                                                                                                                                                     
   4    465                                                                                                                                                                                                                                                     
   5    465                                                                                                                                                                                                                                                     
   6    506                                                                                                                                                                                                                                                     
   7    535                                                                                                                                                                                                                                                     
   8    551                                                                                                                                                                                                                                                     
   9    562                                                                                                                                                                                                                                                     
  10    571                                                                                                                                                                                                                                                     
  11    578                                                                                                                                                                                                                                                     
  12    584                                                                                                                                                                                                                                                     
  13    589                                                                                                                                                                                                                                                     
  14    594                                                                                                                                                                                                                                                     
  15    599                                                                                                                                                                                                                                                     
  16    603                                                                                                                                                                                                                                                     
  17    607                                                                                                                                                                                                                                                     
  18    610                                                                                                                                                                                                                                                     
  19    614                                                                                                                                                                                                                                                     
  20    618                                                                                                                                                                                                                                                     
  21    621                                                                                                                                                                                                                                                     
  22    625                                                                                                                                                                                                                                                     
  23    628                                                                                                                                                                                                                                                     
  24    632                                                                                                                                                                                                                                                     
  25    636                                                                                                                                                                                                                                                     
  26    640                                                                                                                                                                                                                                                     
  27    645                                                                                                                                                                                                                                                     
  28    649                                                                                                                                                                                                                                                     
  29    654                                                                                                                                                                                                                                                     
  30    660                                                                                                                                                                                                                                                     
  31    666                                                                                                                                                                                                                                                     
  32    673                                                                                                                                                                                                                                                     
  33    682                                                                                                                                                                                                                                                     
  34    694                                                                                                                                                                                                                                                     
  35    711                                                                                                                                                                                                                                                     
  36    741                                                                                                                                                                                                                                                     
  37    757                                                                                                                                                                                                                                                     
