NCR SS  TN GSTDZALL Final Content:LA Level:16 Form:G Other:CB (18SEP07)                                                                                                                                                                                         
   0    495                                                                                                                                                                                                                                                     
   1    495                                                                                                                                                                                                                                                     
   2    495                                                                                                                                                                                                                                                     
   3    495                                                                                                                                                                                                                                                     
   4    495                                                                                                                                                                                                                                                     
   5    495                                                                                                                                                                                                                                                     
   6    495                                                                                                                                                                                                                                                     
   7    495                                                                                                                                                                                                                                                     
   8    561                                                                                                                                                                                                                                                     
   9    584                                                                                                                                                                                                                                                     
  10    597                                                                                                                                                                                                                                                     
  11    607                                                                                                                                                                                                                                                     
  12    614                                                                                                                                                                                                                                                     
  13    620                                                                                                                                                                                                                                                     
  14    626                                                                                                                                                                                                                                                     
  15    631                                                                                                                                                                                                                                                     
  16    635                                                                                                                                                                                                                                                     
  17    640                                                                                                                                                                                                                                                     
  18    644                                                                                                                                                                                                                                                     
  19    648                                                                                                                                                                                                                                                     
  20    652                                                                                                                                                                                                                                                     
  21    656                                                                                                                                                                                                                                                     
  22    660                                                                                                                                                                                                                                                     
  23    665                                                                                                                                                                                                                                                     
  24    669                                                                                                                                                                                                                                                     
  25    673                                                                                                                                                                                                                                                     
  26    678                                                                                                                                                                                                                                                     
  27    683                                                                                                                                                                                                                                                     
  28    688                                                                                                                                                                                                                                                     
  29    694                                                                                                                                                                                                                                                     
  30    701                                                                                                                                                                                                                                                     
  31    709                                                                                                                                                                                                                                                     
  32    720                                                                                                                                                                                                                                                     
  33    738                                                                                                                                                                                                                                                     
  34    808                                                                                                                                                                                                                                                     
