NCR SS  TN GSTDZALL Final Content:LA Level:21 Form:G Other:CB (18SEP07)                                                                                                                                                                                         
   0    551                                                                                                                                                                                                                                                     
   1    551                                                                                                                                                                                                                                                     
   2    551                                                                                                                                                                                                                                                     
   3    551                                                                                                                                                                                                                                                     
   4    551                                                                                                                                                                                                                                                     
   5    551                                                                                                                                                                                                                                                     
   6    551                                                                                                                                                                                                                                                     
   7    580                                                                                                                                                                                                                                                     
   8    614                                                                                                                                                                                                                                                     
   9    629                                                                                                                                                                                                                                                     
  10    640                                                                                                                                                                                                                                                     
  11    648                                                                                                                                                                                                                                                     
  12    654                                                                                                                                                                                                                                                     
  13    660                                                                                                                                                                                                                                                     
  14    665                                                                                                                                                                                                                                                     
  15    670                                                                                                                                                                                                                                                     
  16    674                                                                                                                                                                                                                                                     
  17    678                                                                                                                                                                                                                                                     
  18    682                                                                                                                                                                                                                                                     
  19    686                                                                                                                                                                                                                                                     
  20    689                                                                                                                                                                                                                                                     
  21    693                                                                                                                                                                                                                                                     
  22    697                                                                                                                                                                                                                                                     
  23    700                                                                                                                                                                                                                                                     
  24    704                                                                                                                                                                                                                                                     
  25    708                                                                                                                                                                                                                                                     
  26    712                                                                                                                                                                                                                                                     
  27    717                                                                                                                                                                                                                                                     
  28    722                                                                                                                                                                                                                                                     
  29    728                                                                                                                                                                                                                                                     
  30    735                                                                                                                                                                                                                                                     
  31    744                                                                                                                                                                                                                                                     
  32    757                                                                                                                                                                                                                                                     
  33    779                                                                                                                                                                                                                                                     
  34    852                                                                                                                                                                                                                                                     
