NCR SS  TN GSTDZALL Final Content:LA Level:20 Form:G Other:MA (18SEP07)                                                                                                                                                                                         
   0    535                                                                                                                                                                                                                                                     
   1    535                                                                                                                                                                                                                                                     
   2    535                                                                                                                                                                                                                                                     
   3    535                                                                                                                                                                                                                                                     
   4    535                                                                                                                                                                                                                                                     
   5    535                                                                                                                                                                                                                                                     
   6    559                                                                                                                                                                                                                                                     
   7    599                                                                                                                                                                                                                                                     
   8    615                                                                                                                                                                                                                                                     
   9    626                                                                                                                                                                                                                                                     
  10    634                                                                                                                                                                                                                                                     
  11    641                                                                                                                                                                                                                                                     
  12    647                                                                                                                                                                                                                                                     
  13    652                                                                                                                                                                                                                                                     
  14    657                                                                                                                                                                                                                                                     
  15    662                                                                                                                                                                                                                                                     
  16    666                                                                                                                                                                                                                                                     
  17    670                                                                                                                                                                                                                                                     
  18    673                                                                                                                                                                                                                                                     
  19    677                                                                                                                                                                                                                                                     
  20    680                                                                                                                                                                                                                                                     
  21    684                                                                                                                                                                                                                                                     
  22    688                                                                                                                                                                                                                                                     
  23    691                                                                                                                                                                                                                                                     
  24    695                                                                                                                                                                                                                                                     
  25    699                                                                                                                                                                                                                                                     
  26    702                                                                                                                                                                                                                                                     
  27    706                                                                                                                                                                                                                                                     
  28    711                                                                                                                                                                                                                                                     
  29    715                                                                                                                                                                                                                                                     
  30    720                                                                                                                                                                                                                                                     
  31    725                                                                                                                                                                                                                                                     
  32    732                                                                                                                                                                                                                                                     
  33    739                                                                                                                                                                                                                                                     
  34    747                                                                                                                                                                                                                                                     
  35    759                                                                                                                                                                                                                                                     
  36    776                                                                                                                                                                                                                                                     
  37    809                                                                                                                                                                                                                                                     
  38    835                                                                                                                                                                                                                                                     
