NCR SS  TN GSTDZALL Final Content:LA Level:13 Form:G Other:CB (18SEP07)                                                                                                                                                                                         
   0    455                                                                                                                                                                                                                                                     
   1    455                                                                                                                                                                                                                                                     
   2    455                                                                                                                                                                                                                                                     
   3    455                                                                                                                                                                                                                                                     
   4    455                                                                                                                                                                                                                                                     
   5    455                                                                                                                                                                                                                                                     
   6    483                                                                                                                                                                                                                                                     
   7    515                                                                                                                                                                                                                                                     
   8    532                                                                                                                                                                                                                                                     
   9    544                                                                                                                                                                                                                                                     
  10    553                                                                                                                                                                                                                                                     
  11    561                                                                                                                                                                                                                                                     
  12    569                                                                                                                                                                                                                                                     
  13    575                                                                                                                                                                                                                                                     
  14    581                                                                                                                                                                                                                                                     
  15    587                                                                                                                                                                                                                                                     
  16    593                                                                                                                                                                                                                                                     
  17    599                                                                                                                                                                                                                                                     
  18    605                                                                                                                                                                                                                                                     
  19    611                                                                                                                                                                                                                                                     
  20    618                                                                                                                                                                                                                                                     
  21    624                                                                                                                                                                                                                                                     
  22    632                                                                                                                                                                                                                                                     
  23    641                                                                                                                                                                                                                                                     
  24    651                                                                                                                                                                                                                                                     
  25    663                                                                                                                                                                                                                                                     
  26    680                                                                                                                                                                                                                                                     
  27    707                                                                                                                                                                                                                                                     
  28    730                                                                                                                                                                                                                                                     
