NCR SS  TN GSTDZALL Final Content:LA Level:15 Form:G Other:MA (18SEP07)                                                                                                                                                                                         
   0    480                                                                                                                                                                                                                                                     
   1    480                                                                                                                                                                                                                                                     
   2    480                                                                                                                                                                                                                                                     
   3    480                                                                                                                                                                                                                                                     
   4    480                                                                                                                                                                                                                                                     
   5    480                                                                                                                                                                                                                                                     
   6    522                                                                                                                                                                                                                                                     
   7    549                                                                                                                                                                                                                                                     
   8    565                                                                                                                                                                                                                                                     
   9    575                                                                                                                                                                                                                                                     
  10    584                                                                                                                                                                                                                                                     
  11    591                                                                                                                                                                                                                                                     
  12    597                                                                                                                                                                                                                                                     
  13    602                                                                                                                                                                                                                                                     
  14    607                                                                                                                                                                                                                                                     
  15    612                                                                                                                                                                                                                                                     
  16    616                                                                                                                                                                                                                                                     
  17    620                                                                                                                                                                                                                                                     
  18    624                                                                                                                                                                                                                                                     
  19    628                                                                                                                                                                                                                                                     
  20    632                                                                                                                                                                                                                                                     
  21    636                                                                                                                                                                                                                                                     
  22    640                                                                                                                                                                                                                                                     
  23    644                                                                                                                                                                                                                                                     
  24    648                                                                                                                                                                                                                                                     
  25    652                                                                                                                                                                                                                                                     
  26    656                                                                                                                                                                                                                                                     
  27    661                                                                                                                                                                                                                                                     
  28    666                                                                                                                                                                                                                                                     
  29    672                                                                                                                                                                                                                                                     
  30    678                                                                                                                                                                                                                                                     
  31    685                                                                                                                                                                                                                                                     
  32    693                                                                                                                                                                                                                                                     
  33    702                                                                                                                                                                                                                                                     
  34    714                                                                                                                                                                                                                                                     
  35    730                                                                                                                                                                                                                                                     
  36    752                                                                                                                                                                                                                                                     
  37    782                                                                                                                                                                                                                                                     
  38    782                                                                                                                                                                                                                                                     
