NCR SS  TN GSTDZALL Final Content:LA Level:15 Form:G Other:CB (18SEP07)                                                                                                                                                                                         
   0    480                                                                                                                                                                                                                                                     
   1    480                                                                                                                                                                                                                                                     
   2    480                                                                                                                                                                                                                                                     
   3    480                                                                                                                                                                                                                                                     
   4    480                                                                                                                                                                                                                                                     
   5    480                                                                                                                                                                                                                                                     
   6    480                                                                                                                                                                                                                                                     
   7    517                                                                                                                                                                                                                                                     
   8    553                                                                                                                                                                                                                                                     
   9    570                                                                                                                                                                                                                                                     
  10    582                                                                                                                                                                                                                                                     
  11    591                                                                                                                                                                                                                                                     
  12    598                                                                                                                                                                                                                                                     
  13    604                                                                                                                                                                                                                                                     
  14    610                                                                                                                                                                                                                                                     
  15    615                                                                                                                                                                                                                                                     
  16    619                                                                                                                                                                                                                                                     
  17    624                                                                                                                                                                                                                                                     
  18    628                                                                                                                                                                                                                                                     
  19    632                                                                                                                                                                                                                                                     
  20    636                                                                                                                                                                                                                                                     
  21    641                                                                                                                                                                                                                                                     
  22    645                                                                                                                                                                                                                                                     
  23    649                                                                                                                                                                                                                                                     
  24    654                                                                                                                                                                                                                                                     
  25    658                                                                                                                                                                                                                                                     
  26    664                                                                                                                                                                                                                                                     
  27    669                                                                                                                                                                                                                                                     
  28    675                                                                                                                                                                                                                                                     
  29    683                                                                                                                                                                                                                                                     
  30    691                                                                                                                                                                                                                                                     
  31    701                                                                                                                                                                                                                                                     
  32    713                                                                                                                                                                                                                                                     
  33    731                                                                                                                                                                                                                                                     
  34    782                                                                                                                                                                                                                                                     
