NCR SS  TN GSTDZALL Final Content:MA Level:13 Form:G Other:CB (18SEP07)                                                                                                                                                                                         
   0    385                                                                                                                                                                                                                                                     
   1    385                                                                                                                                                                                                                                                     
   2    385                                                                                                                                                                                                                                                     
   3    385                                                                                                                                                                                                                                                     
   4    385                                                                                                                                                                                                                                                     
   5    385                                                                                                                                                                                                                                                     
   6    385                                                                                                                                                                                                                                                     
   7    385                                                                                                                                                                                                                                                     
   8    385                                                                                                                                                                                                                                                     
   9    385                                                                                                                                                                                                                                                     
  10    417                                                                                                                                                                                                                                                     
  11    478                                                                                                                                                                                                                                                     
  12    502                                                                                                                                                                                                                                                     
  13    517                                                                                                                                                                                                                                                     
  14    527                                                                                                                                                                                                                                                     
  15    535                                                                                                                                                                                                                                                     
  16    542                                                                                                                                                                                                                                                     
  17    548                                                                                                                                                                                                                                                     
  18    553                                                                                                                                                                                                                                                     
  19    558                                                                                                                                                                                                                                                     
  20    562                                                                                                                                                                                                                                                     
  21    566                                                                                                                                                                                                                                                     
  22    570                                                                                                                                                                                                                                                     
  23    574                                                                                                                                                                                                                                                     
  24    577                                                                                                                                                                                                                                                     
  25    580                                                                                                                                                                                                                                                     
  26    584                                                                                                                                                                                                                                                     
  27    587                                                                                                                                                                                                                                                     
  28    590                                                                                                                                                                                                                                                     
  29    593                                                                                                                                                                                                                                                     
  30    596                                                                                                                                                                                                                                                     
  31    598                                                                                                                                                                                                                                                     
  32    601                                                                                                                                                                                                                                                     
  33    604                                                                                                                                                                                                                                                     
  34    607                                                                                                                                                                                                                                                     
  35    610                                                                                                                                                                                                                                                     
  36    613                                                                                                                                                                                                                                                     
  37    616                                                                                                                                                                                                                                                     
  38    620                                                                                                                                                                                                                                                     
  39    623                                                                                                                                                                                                                                                     
  40    627                                                                                                                                                                                                                                                     
  41    631                                                                                                                                                                                                                                                     
  42    635                                                                                                                                                                                                                                                     
  43    639                                                                                                                                                                                                                                                     
  44    645                                                                                                                                                                                                                                                     
  45    651                                                                                                                                                                                                                                                     
  46    658                                                                                                                                                                                                                                                     
  47    668                                                                                                                                                                                                                                                     
  48    681                                                                                                                                                                                                                                                     
  49    705                                                                                                                                                                                                                                                     
  50    740                                                                                                                                                                                                                                                     
