NCR SS  TN GSTDZALL Final Content:MA Level:20 Form:G Other:SV (18SEP07)                                                                                                                                                                                         
   0    530                                                                                                                                                                                                                                                     
   1    530                                                                                                                                                                                                                                                     
   2    530                                                                                                                                                                                                                                                     
   3    530                                                                                                                                                                                                                                                     
   4    530                                                                                                                                                                                                                                                     
   5    555                                                                                                                                                                                                                                                     
   6    646                                                                                                                                                                                                                                                     
   7    670                                                                                                                                                                                                                                                     
   8    685                                                                                                                                                                                                                                                     
   9    696                                                                                                                                                                                                                                                     
  10    705                                                                                                                                                                                                                                                     
  11    712                                                                                                                                                                                                                                                     
  12    719                                                                                                                                                                                                                                                     
  13    725                                                                                                                                                                                                                                                     
  14    731                                                                                                                                                                                                                                                     
  15    736                                                                                                                                                                                                                                                     
  16    742                                                                                                                                                                                                                                                     
  17    747                                                                                                                                                                                                                                                     
  18    752                                                                                                                                                                                                                                                     
  19    758                                                                                                                                                                                                                                                     
  20    764                                                                                                                                                                                                                                                     
  21    771                                                                                                                                                                                                                                                     
  22    780                                                                                                                                                                                                                                                     
  23    791                                                                                                                                                                                                                                                     
  24    810                                                                                                                                                                                                                                                     
  25    892                                                                                                                                                                                                                                                     
