NCR SS  TN GSTDZALL Final Content:MA Level:15 Form:G Other:SV (18SEP07)                                                                                                                                                                                         
   0    430                                                                                                                                                                                                                                                     
   1    430                                                                                                                                                                                                                                                     
   2    430                                                                                                                                                                                                                                                     
   3    430                                                                                                                                                                                                                                                     
   4    430                                                                                                                                                                                                                                                     
   5    430                                                                                                                                                                                                                                                     
   6    430                                                                                                                                                                                                                                                     
   7    546                                                                                                                                                                                                                                                     
   8    569                                                                                                                                                                                                                                                     
   9    582                                                                                                                                                                                                                                                     
  10    592                                                                                                                                                                                                                                                     
  11    601                                                                                                                                                                                                                                                     
  12    608                                                                                                                                                                                                                                                     
  13    614                                                                                                                                                                                                                                                     
  14    621                                                                                                                                                                                                                                                     
  15    626                                                                                                                                                                                                                                                     
  16    632                                                                                                                                                                                                                                                     
  17    637                                                                                                                                                                                                                                                     
  18    642                                                                                                                                                                                                                                                     
  19    647                                                                                                                                                                                                                                                     
  20    653                                                                                                                                                                                                                                                     
  21    658                                                                                                                                                                                                                                                     
  22    663                                                                                                                                                                                                                                                     
  23    669                                                                                                                                                                                                                                                     
  24    674                                                                                                                                                                                                                                                     
  25    680                                                                                                                                                                                                                                                     
  26    686                                                                                                                                                                                                                                                     
  27    693                                                                                                                                                                                                                                                     
  28    701                                                                                                                                                                                                                                                     
  29    711                                                                                                                                                                                                                                                     
  30    724                                                                                                                                                                                                                                                     
  31    745                                                                                                                                                                                                                                                     
  32    797                                                                                                                                                                                                                                                     
