NCR SS  TN GSTDZALL Final Content:MA Level:20 Form:G Other:CB (18SEP07)                                                                                                                                                                                         
   0    530                                                                                                                                                                                                                                                     
   1    530                                                                                                                                                                                                                                                     
   2    530                                                                                                                                                                                                                                                     
   3    530                                                                                                                                                                                                                                                     
   4    530                                                                                                                                                                                                                                                     
   5    530                                                                                                                                                                                                                                                     
   6    530                                                                                                                                                                                                                                                     
   7    530                                                                                                                                                                                                                                                     
   8    530                                                                                                                                                                                                                                                     
   9    530                                                                                                                                                                                                                                                     
  10    614                                                                                                                                                                                                                                                     
  11    642                                                                                                                                                                                                                                                     
  12    657                                                                                                                                                                                                                                                     
  13    669                                                                                                                                                                                                                                                     
  14    677                                                                                                                                                                                                                                                     
  15    684                                                                                                                                                                                                                                                     
  16    690                                                                                                                                                                                                                                                     
  17    696                                                                                                                                                                                                                                                     
  18    701                                                                                                                                                                                                                                                     
  19    705                                                                                                                                                                                                                                                     
  20    709                                                                                                                                                                                                                                                     
  21    713                                                                                                                                                                                                                                                     
  22    717                                                                                                                                                                                                                                                     
  23    720                                                                                                                                                                                                                                                     
  24    724                                                                                                                                                                                                                                                     
  25    727                                                                                                                                                                                                                                                     
  26    730                                                                                                                                                                                                                                                     
  27    733                                                                                                                                                                                                                                                     
  28    737                                                                                                                                                                                                                                                     
  29    740                                                                                                                                                                                                                                                     
  30    743                                                                                                                                                                                                                                                     
  31    746                                                                                                                                                                                                                                                     
  32    749                                                                                                                                                                                                                                                     
  33    752                                                                                                                                                                                                                                                     
  34    756                                                                                                                                                                                                                                                     
  35    759                                                                                                                                                                                                                                                     
  36    763                                                                                                                                                                                                                                                     
  37    766                                                                                                                                                                                                                                                     
  38    770                                                                                                                                                                                                                                                     
  39    775                                                                                                                                                                                                                                                     
  40    779                                                                                                                                                                                                                                                     
  41    785                                                                                                                                                                                                                                                     
  42    792                                                                                                                                                                                                                                                     
  43    800                                                                                                                                                                                                                                                     
  44    812                                                                                                                                                                                                                                                     
  45    833                                                                                                                                                                                                                                                     
  46    892                                                                                                                                                                                                                                                     
