NCR SS  TN GSTDZALL Final Content:MA Level:17 Form:G Other:MA (18SEP07)                                                                                                                                                                                         
   0    487                                                                                                                                                                                                                                                     
   1    487                                                                                                                                                                                                                                                     
   2    487                                                                                                                                                                                                                                                     
   3    487                                                                                                                                                                                                                                                     
   4    487                                                                                                                                                                                                                                                     
   5    487                                                                                                                                                                                                                                                     
   6    487                                                                                                                                                                                                                                                     
   7    560                                                                                                                                                                                                                                                     
   8    590                                                                                                                                                                                                                                                     
   9    605                                                                                                                                                                                                                                                     
  10    615                                                                                                                                                                                                                                                     
  11    624                                                                                                                                                                                                                                                     
  12    630                                                                                                                                                                                                                                                     
  13    636                                                                                                                                                                                                                                                     
  14    641                                                                                                                                                                                                                                                     
  15    646                                                                                                                                                                                                                                                     
  16    650                                                                                                                                                                                                                                                     
  17    654                                                                                                                                                                                                                                                     
  18    658                                                                                                                                                                                                                                                     
  19    661                                                                                                                                                                                                                                                     
  20    665                                                                                                                                                                                                                                                     
  21    668                                                                                                                                                                                                                                                     
  22    671                                                                                                                                                                                                                                                     
  23    674                                                                                                                                                                                                                                                     
  24    677                                                                                                                                                                                                                                                     
  25    680                                                                                                                                                                                                                                                     
  26    682                                                                                                                                                                                                                                                     
  27    685                                                                                                                                                                                                                                                     
  28    688                                                                                                                                                                                                                                                     
  29    690                                                                                                                                                                                                                                                     
  30    693                                                                                                                                                                                                                                                     
  31    695                                                                                                                                                                                                                                                     
  32    697                                                                                                                                                                                                                                                     
  33    700                                                                                                                                                                                                                                                     
  34    702                                                                                                                                                                                                                                                     
  35    705                                                                                                                                                                                                                                                     
  36    707                                                                                                                                                                                                                                                     
  37    710                                                                                                                                                                                                                                                     
  38    712                                                                                                                                                                                                                                                     
  39    715                                                                                                                                                                                                                                                     
  40    717                                                                                                                                                                                                                                                     
  41    720                                                                                                                                                                                                                                                     
  42    723                                                                                                                                                                                                                                                     
  43    726                                                                                                                                                                                                                                                     
  44    729                                                                                                                                                                                                                                                     
  45    732                                                                                                                                                                                                                                                     
  46    736                                                                                                                                                                                                                                                     
  47    740                                                                                                                                                                                                                                                     
  48    745                                                                                                                                                                                                                                                     
  49    750                                                                                                                                                                                                                                                     
  50    757                                                                                                                                                                                                                                                     
  51    765                                                                                                                                                                                                                                                     
  52    775                                                                                                                                                                                                                                                     
  53    789                                                                                                                                                                                                                                                     
  54    815                                                                                                                                                                                                                                                     
  55    850                                                                                                                                                                                                                                                     
