NCR SS  TN GSTDZALL Final Content:MA Level:17 Form:G Other:CB (18SEP07)                                                                                                                                                                                         
   0    487                                                                                                                                                                                                                                                     
   1    487                                                                                                                                                                                                                                                     
   2    487                                                                                                                                                                                                                                                     
   3    487                                                                                                                                                                                                                                                     
   4    487                                                                                                                                                                                                                                                     
   5    487                                                                                                                                                                                                                                                     
   6    487                                                                                                                                                                                                                                                     
   7    487                                                                                                                                                                                                                                                     
   8    487                                                                                                                                                                                                                                                     
   9    487                                                                                                                                                                                                                                                     
  10    487                                                                                                                                                                                                                                                     
  11    487                                                                                                                                                                                                                                                     
  12    571                                                                                                                                                                                                                                                     
  13    599                                                                                                                                                                                                                                                     
  14    613                                                                                                                                                                                                                                                     
  15    622                                                                                                                                                                                                                                                     
  16    630                                                                                                                                                                                                                                                     
  17    637                                                                                                                                                                                                                                                     
  18    642                                                                                                                                                                                                                                                     
  19    647                                                                                                                                                                                                                                                     
  20    652                                                                                                                                                                                                                                                     
  21    656                                                                                                                                                                                                                                                     
  22    660                                                                                                                                                                                                                                                     
  23    663                                                                                                                                                                                                                                                     
  24    667                                                                                                                                                                                                                                                     
  25    670                                                                                                                                                                                                                                                     
  26    673                                                                                                                                                                                                                                                     
  27    676                                                                                                                                                                                                                                                     
  28    679                                                                                                                                                                                                                                                     
  29    682                                                                                                                                                                                                                                                     
  30    685                                                                                                                                                                                                                                                     
  31    688                                                                                                                                                                                                                                                     
  32    690                                                                                                                                                                                                                                                     
  33    693                                                                                                                                                                                                                                                     
  34    695                                                                                                                                                                                                                                                     
  35    698                                                                                                                                                                                                                                                     
  36    700                                                                                                                                                                                                                                                     
  37    703                                                                                                                                                                                                                                                     
  38    705                                                                                                                                                                                                                                                     
  39    708                                                                                                                                                                                                                                                     
  40    710                                                                                                                                                                                                                                                     
  41    713                                                                                                                                                                                                                                                     
  42    715                                                                                                                                                                                                                                                     
  43    718                                                                                                                                                                                                                                                     
  44    720                                                                                                                                                                                                                                                     
  45    723                                                                                                                                                                                                                                                     
  46    726                                                                                                                                                                                                                                                     
  47    729                                                                                                                                                                                                                                                     
  48    732                                                                                                                                                                                                                                                     
  49    736                                                                                                                                                                                                                                                     
  50    739                                                                                                                                                                                                                                                     
  51    744                                                                                                                                                                                                                                                     
  52    749                                                                                                                                                                                                                                                     
  53    755                                                                                                                                                                                                                                                     
  54    763                                                                                                                                                                                                                                                     
  55    775                                                                                                                                                                                                                                                     
  56    795                                                                                                                                                                                                                                                     
  57    850                                                                                                                                                                                                                                                     
