NCR SS  TN GSTDZALL Final Content:MA Level:16 Form:G Other:MA (18SEP07)                                                                                                                                                                                         
   0    477                                                                                                                                                                                                                                                     
   1    477                                                                                                                                                                                                                                                     
   2    477                                                                                                                                                                                                                                                     
   3    477                                                                                                                                                                                                                                                     
   4    477                                                                                                                                                                                                                                                     
   5    477                                                                                                                                                                                                                                                     
   6    486                                                                                                                                                                                                                                                     
   7    544                                                                                                                                                                                                                                                     
   8    566                                                                                                                                                                                                                                                     
   9    580                                                                                                                                                                                                                                                     
  10    591                                                                                                                                                                                                                                                     
  11    600                                                                                                                                                                                                                                                     
  12    607                                                                                                                                                                                                                                                     
  13    613                                                                                                                                                                                                                                                     
  14    618                                                                                                                                                                                                                                                     
  15    623                                                                                                                                                                                                                                                     
  16    627                                                                                                                                                                                                                                                     
  17    632                                                                                                                                                                                                                                                     
  18    635                                                                                                                                                                                                                                                     
  19    639                                                                                                                                                                                                                                                     
  20    642                                                                                                                                                                                                                                                     
  21    645                                                                                                                                                                                                                                                     
  22    648                                                                                                                                                                                                                                                     
  23    651                                                                                                                                                                                                                                                     
  24    654                                                                                                                                                                                                                                                     
  25    657                                                                                                                                                                                                                                                     
  26    659                                                                                                                                                                                                                                                     
  27    662                                                                                                                                                                                                                                                     
  28    665                                                                                                                                                                                                                                                     
  29    667                                                                                                                                                                                                                                                     
  30    670                                                                                                                                                                                                                                                     
  31    672                                                                                                                                                                                                                                                     
  32    675                                                                                                                                                                                                                                                     
  33    677                                                                                                                                                                                                                                                     
  34    680                                                                                                                                                                                                                                                     
  35    682                                                                                                                                                                                                                                                     
  36    685                                                                                                                                                                                                                                                     
  37    688                                                                                                                                                                                                                                                     
  38    690                                                                                                                                                                                                                                                     
  39    693                                                                                                                                                                                                                                                     
  40    696                                                                                                                                                                                                                                                     
  41    699                                                                                                                                                                                                                                                     
  42    702                                                                                                                                                                                                                                                     
  43    705                                                                                                                                                                                                                                                     
  44    708                                                                                                                                                                                                                                                     
  45    711                                                                                                                                                                                                                                                     
  46    715                                                                                                                                                                                                                                                     
  47    719                                                                                                                                                                                                                                                     
  48    723                                                                                                                                                                                                                                                     
  49    728                                                                                                                                                                                                                                                     
  50    734                                                                                                                                                                                                                                                     
  51    741                                                                                                                                                                                                                                                     
  52    749                                                                                                                                                                                                                                                     
  53    760                                                                                                                                                                                                                                                     
  54    776                                                                                                                                                                                                                                                     
  55    807                                                                                                                                                                                                                                                     
  56    820                                                                                                                                                                                                                                                     
