NCR SS  TN GSTDZALL Final Content:MA Level:18 Form:G Other:MA (18SEP07)                                                                                                                                                                                         
   0    502                                                                                                                                                                                                                                                     
   1    502                                                                                                                                                                                                                                                     
   2    502                                                                                                                                                                                                                                                     
   3    502                                                                                                                                                                                                                                                     
   4    502                                                                                                                                                                                                                                                     
   5    502                                                                                                                                                                                                                                                     
   6    518                                                                                                                                                                                                                                                     
   7    582                                                                                                                                                                                                                                                     
   8    603                                                                                                                                                                                                                                                     
   9    616                                                                                                                                                                                                                                                     
  10    625                                                                                                                                                                                                                                                     
  11    633                                                                                                                                                                                                                                                     
  12    639                                                                                                                                                                                                                                                     
  13    644                                                                                                                                                                                                                                                     
  14    649                                                                                                                                                                                                                                                     
  15    654                                                                                                                                                                                                                                                     
  16    658                                                                                                                                                                                                                                                     
  17    662                                                                                                                                                                                                                                                     
  18    666                                                                                                                                                                                                                                                     
  19    669                                                                                                                                                                                                                                                     
  20    673                                                                                                                                                                                                                                                     
  21    676                                                                                                                                                                                                                                                     
  22    679                                                                                                                                                                                                                                                     
  23    682                                                                                                                                                                                                                                                     
  24    685                                                                                                                                                                                                                                                     
  25    688                                                                                                                                                                                                                                                     
  26    691                                                                                                                                                                                                                                                     
  27    694                                                                                                                                                                                                                                                     
  28    697                                                                                                                                                                                                                                                     
  29    700                                                                                                                                                                                                                                                     
  30    703                                                                                                                                                                                                                                                     
  31    706                                                                                                                                                                                                                                                     
  32    708                                                                                                                                                                                                                                                     
  33    711                                                                                                                                                                                                                                                     
  34    714                                                                                                                                                                                                                                                     
  35    717                                                                                                                                                                                                                                                     
  36    720                                                                                                                                                                                                                                                     
  37    723                                                                                                                                                                                                                                                     
  38    726                                                                                                                                                                                                                                                     
  39    729                                                                                                                                                                                                                                                     
  40    732                                                                                                                                                                                                                                                     
  41    736                                                                                                                                                                                                                                                     
  42    739                                                                                                                                                                                                                                                     
  43    743                                                                                                                                                                                                                                                     
  44    747                                                                                                                                                                                                                                                     
  45    751                                                                                                                                                                                                                                                     
  46    755                                                                                                                                                                                                                                                     
  47    760                                                                                                                                                                                                                                                     
  48    766                                                                                                                                                                                                                                                     
  49    772                                                                                                                                                                                                                                                     
  50    781                                                                                                                                                                                                                                                     
  51    791                                                                                                                                                                                                                                                     
  52    807                                                                                                                                                                                                                                                     
  53    837                                                                                                                                                                                                                                                     
  54    872                                                                                                                                                                                                                                                     
