NCR SS  TN GSTDZALL Final Content:MA Level:12 Form:G Other:MA (18SEP07)                                                                                                                                                                                         
   0    347                                                                                                                                                                                                                                                     
   1    347                                                                                                                                                                                                                                                     
   2    347                                                                                                                                                                                                                                                     
   3    347                                                                                                                                                                                                                                                     
   4    347                                                                                                                                                                                                                                                     
   5    347                                                                                                                                                                                                                                                     
   6    347                                                                                                                                                                                                                                                     
   7    383                                                                                                                                                                                                                                                     
   8    408                                                                                                                                                                                                                                                     
   9    425                                                                                                                                                                                                                                                     
  10    438                                                                                                                                                                                                                                                     
  11    449                                                                                                                                                                                                                                                     
  12    458                                                                                                                                                                                                                                                     
  13    466                                                                                                                                                                                                                                                     
  14    474                                                                                                                                                                                                                                                     
  15    480                                                                                                                                                                                                                                                     
  16    487                                                                                                                                                                                                                                                     
  17    493                                                                                                                                                                                                                                                     
  18    498                                                                                                                                                                                                                                                     
  19    504                                                                                                                                                                                                                                                     
  20    509                                                                                                                                                                                                                                                     
  21    514                                                                                                                                                                                                                                                     
  22    518                                                                                                                                                                                                                                                     
  23    523                                                                                                                                                                                                                                                     
  24    527                                                                                                                                                                                                                                                     
  25    532                                                                                                                                                                                                                                                     
  26    536                                                                                                                                                                                                                                                     
  27    540                                                                                                                                                                                                                                                     
  28    545                                                                                                                                                                                                                                                     
  29    549                                                                                                                                                                                                                                                     
  30    553                                                                                                                                                                                                                                                     
  31    557                                                                                                                                                                                                                                                     
  32    562                                                                                                                                                                                                                                                     
  33    566                                                                                                                                                                                                                                                     
  34    571                                                                                                                                                                                                                                                     
  35    575                                                                                                                                                                                                                                                     
  36    580                                                                                                                                                                                                                                                     
  37    585                                                                                                                                                                                                                                                     
  38    590                                                                                                                                                                                                                                                     
  39    596                                                                                                                                                                                                                                                     
  40    603                                                                                                                                                                                                                                                     
  41    610                                                                                                                                                                                                                                                     
  42    619                                                                                                                                                                                                                                                     
  43    630                                                                                                                                                                                                                                                     
  44    646                                                                                                                                                                                                                                                     
  45    674                                                                                                                                                                                                                                                     
  46    720                                                                                                                                                                                                                                                     
