NCR SS  TN GSTDZALL Final Content:MA Level:18 Form:G Other:CB (18SEP07)                                                                                                                                                                                         
   0    502                                                                                                                                                                                                                                                     
   1    502                                                                                                                                                                                                                                                     
   2    502                                                                                                                                                                                                                                                     
   3    502                                                                                                                                                                                                                                                     
   4    502                                                                                                                                                                                                                                                     
   5    502                                                                                                                                                                                                                                                     
   6    502                                                                                                                                                                                                                                                     
   7    502                                                                                                                                                                                                                                                     
   8    502                                                                                                                                                                                                                                                     
   9    502                                                                                                                                                                                                                                                     
  10    502                                                                                                                                                                                                                                                     
  11    502                                                                                                                                                                                                                                                     
  12    575                                                                                                                                                                                                                                                     
  13    603                                                                                                                                                                                                                                                     
  14    617                                                                                                                                                                                                                                                     
  15    628                                                                                                                                                                                                                                                     
  16    636                                                                                                                                                                                                                                                     
  17    642                                                                                                                                                                                                                                                     
  18    648                                                                                                                                                                                                                                                     
  19    653                                                                                                                                                                                                                                                     
  20    658                                                                                                                                                                                                                                                     
  21    662                                                                                                                                                                                                                                                     
  22    666                                                                                                                                                                                                                                                     
  23    670                                                                                                                                                                                                                                                     
  24    674                                                                                                                                                                                                                                                     
  25    677                                                                                                                                                                                                                                                     
  26    681                                                                                                                                                                                                                                                     
  27    684                                                                                                                                                                                                                                                     
  28    687                                                                                                                                                                                                                                                     
  29    690                                                                                                                                                                                                                                                     
  30    693                                                                                                                                                                                                                                                     
  31    696                                                                                                                                                                                                                                                     
  32    699                                                                                                                                                                                                                                                     
  33    702                                                                                                                                                                                                                                                     
  34    705                                                                                                                                                                                                                                                     
  35    708                                                                                                                                                                                                                                                     
  36    711                                                                                                                                                                                                                                                     
  37    713                                                                                                                                                                                                                                                     
  38    716                                                                                                                                                                                                                                                     
  39    719                                                                                                                                                                                                                                                     
  40    722                                                                                                                                                                                                                                                     
  41    725                                                                                                                                                                                                                                                     
  42    728                                                                                                                                                                                                                                                     
  43    731                                                                                                                                                                                                                                                     
  44    734                                                                                                                                                                                                                                                     
  45    738                                                                                                                                                                                                                                                     
  46    741                                                                                                                                                                                                                                                     
  47    745                                                                                                                                                                                                                                                     
  48    749                                                                                                                                                                                                                                                     
  49    753                                                                                                                                                                                                                                                     
  50    757                                                                                                                                                                                                                                                     
  51    763                                                                                                                                                                                                                                                     
  52    769                                                                                                                                                                                                                                                     
  53    776                                                                                                                                                                                                                                                     
  54    787                                                                                                                                                                                                                                                     
  55    807                                                                                                                                                                                                                                                     
  56    872                                                                                                                                                                                                                                                     
