NCR SS  TN GSTDZALL Final Content:MA Level:14 Form:G Other:MA (18SEP07)                                                                                                                                                                                         
   0    403                                                                                                                                                                                                                                                     
   1    403                                                                                                                                                                                                                                                     
   2    403                                                                                                                                                                                                                                                     
   3    403                                                                                                                                                                                                                                                     
   4    403                                                                                                                                                                                                                                                     
   5    403                                                                                                                                                                                                                                                     
   6    403                                                                                                                                                                                                                                                     
   7    482                                                                                                                                                                                                                                                     
   8    512                                                                                                                                                                                                                                                     
   9    530                                                                                                                                                                                                                                                     
  10    543                                                                                                                                                                                                                                                     
  11    553                                                                                                                                                                                                                                                     
  12    562                                                                                                                                                                                                                                                     
  13    569                                                                                                                                                                                                                                                     
  14    575                                                                                                                                                                                                                                                     
  15    581                                                                                                                                                                                                                                                     
  16    586                                                                                                                                                                                                                                                     
  17    590                                                                                                                                                                                                                                                     
  18    595                                                                                                                                                                                                                                                     
  19    599                                                                                                                                                                                                                                                     
  20    602                                                                                                                                                                                                                                                     
  21    606                                                                                                                                                                                                                                                     
  22    609                                                                                                                                                                                                                                                     
  23    613                                                                                                                                                                                                                                                     
  24    616                                                                                                                                                                                                                                                     
  25    619                                                                                                                                                                                                                                                     
  26    622                                                                                                                                                                                                                                                     
  27    625                                                                                                                                                                                                                                                     
  28    627                                                                                                                                                                                                                                                     
  29    630                                                                                                                                                                                                                                                     
  30    633                                                                                                                                                                                                                                                     
  31    636                                                                                                                                                                                                                                                     
  32    638                                                                                                                                                                                                                                                     
  33    641                                                                                                                                                                                                                                                     
  34    644                                                                                                                                                                                                                                                     
  35    646                                                                                                                                                                                                                                                     
  36    649                                                                                                                                                                                                                                                     
  37    652                                                                                                                                                                                                                                                     
  38    655                                                                                                                                                                                                                                                     
  39    657                                                                                                                                                                                                                                                     
  40    660                                                                                                                                                                                                                                                     
  41    663                                                                                                                                                                                                                                                     
  42    666                                                                                                                                                                                                                                                     
  43    669                                                                                                                                                                                                                                                     
  44    672                                                                                                                                                                                                                                                     
  45    675                                                                                                                                                                                                                                                     
  46    678                                                                                                                                                                                                                                                     
  47    682                                                                                                                                                                                                                                                     
  48    686                                                                                                                                                                                                                                                     
  49    690                                                                                                                                                                                                                                                     
  50    694                                                                                                                                                                                                                                                     
  51    699                                                                                                                                                                                                                                                     
  52    704                                                                                                                                                                                                                                                     
  53    711                                                                                                                                                                                                                                                     
  54    718                                                                                                                                                                                                                                                     
  55    728                                                                                                                                                                                                                                                     
  56    743                                                                                                                                                                                                                                                     
  57    768                                                                                                                                                                                                                                                     
  58    770                                                                                                                                                                                                                                                     
