NCR SS  TN GSTDZALL Final Content:MA Level:19 Form:G Other:MA (18SEP07)                                                                                                                                                                                         
   0    513                                                                                                                                                                                                                                                     
   1    513                                                                                                                                                                                                                                                     
   2    513                                                                                                                                                                                                                                                     
   3    513                                                                                                                                                                                                                                                     
   4    513                                                                                                                                                                                                                                                     
   5    554                                                                                                                                                                                                                                                     
   6    602                                                                                                                                                                                                                                                     
   7    621                                                                                                                                                                                                                                                     
   8    634                                                                                                                                                                                                                                                     
   9    643                                                                                                                                                                                                                                                     
  10    651                                                                                                                                                                                                                                                     
  11    658                                                                                                                                                                                                                                                     
  12    664                                                                                                                                                                                                                                                     
  13    669                                                                                                                                                                                                                                                     
  14    674                                                                                                                                                                                                                                                     
  15    678                                                                                                                                                                                                                                                     
  16    682                                                                                                                                                                                                                                                     
  17    686                                                                                                                                                                                                                                                     
  18    690                                                                                                                                                                                                                                                     
  19    693                                                                                                                                                                                                                                                     
  20    696                                                                                                                                                                                                                                                     
  21    699                                                                                                                                                                                                                                                     
  22    702                                                                                                                                                                                                                                                     
  23    705                                                                                                                                                                                                                                                     
  24    708                                                                                                                                                                                                                                                     
  25    711                                                                                                                                                                                                                                                     
  26    713                                                                                                                                                                                                                                                     
  27    716                                                                                                                                                                                                                                                     
  28    718                                                                                                                                                                                                                                                     
  29    721                                                                                                                                                                                                                                                     
  30    723                                                                                                                                                                                                                                                     
  31    726                                                                                                                                                                                                                                                     
  32    729                                                                                                                                                                                                                                                     
  33    731                                                                                                                                                                                                                                                     
  34    734                                                                                                                                                                                                                                                     
  35    736                                                                                                                                                                                                                                                     
  36    739                                                                                                                                                                                                                                                     
  37    742                                                                                                                                                                                                                                                     
  38    745                                                                                                                                                                                                                                                     
  39    748                                                                                                                                                                                                                                                     
  40    751                                                                                                                                                                                                                                                     
  41    755                                                                                                                                                                                                                                                     
  42    758                                                                                                                                                                                                                                                     
  43    762                                                                                                                                                                                                                                                     
  44    766                                                                                                                                                                                                                                                     
  45    771                                                                                                                                                                                                                                                     
  46    777                                                                                                                                                                                                                                                     
  47    783                                                                                                                                                                                                                                                     
  48    791                                                                                                                                                                                                                                                     
  49    802                                                                                                                                                                                                                                                     
  50    817                                                                                                                                                                                                                                                     
  51    845                                                                                                                                                                                                                                                     
  52    877                                                                                                                                                                                                                                                     
