NCR SS  TN GSTDZALL Final Content:MA Level:13 Form:G Other:SV (18SEP07)                                                                                                                                                                                         
   0    385                                                                                                                                                                                                                                                     
   1    385                                                                                                                                                                                                                                                     
   2    385                                                                                                                                                                                                                                                     
   3    385                                                                                                                                                                                                                                                     
   4    385                                                                                                                                                                                                                                                     
   5    385                                                                                                                                                                                                                                                     
   6    416                                                                                                                                                                                                                                                     
   7    493                                                                                                                                                                                                                                                     
   8    518                                                                                                                                                                                                                                                     
   9    533                                                                                                                                                                                                                                                     
  10    544                                                                                                                                                                                                                                                     
  11    553                                                                                                                                                                                                                                                     
  12    561                                                                                                                                                                                                                                                     
  13    567                                                                                                                                                                                                                                                     
  14    573                                                                                                                                                                                                                                                     
  15    579                                                                                                                                                                                                                                                     
  16    584                                                                                                                                                                                                                                                     
  17    589                                                                                                                                                                                                                                                     
  18    594                                                                                                                                                                                                                                                     
  19    598                                                                                                                                                                                                                                                     
  20    603                                                                                                                                                                                                                                                     
  21    608                                                                                                                                                                                                                                                     
  22    613                                                                                                                                                                                                                                                     
  23    618                                                                                                                                                                                                                                                     
  24    624                                                                                                                                                                                                                                                     
  25    631                                                                                                                                                                                                                                                     
  26    638                                                                                                                                                                                                                                                     
  27    648                                                                                                                                                                                                                                                     
  28    661                                                                                                                                                                                                                                                     
  29    684                                                                                                                                                                                                                                                     
  30    740                                                                                                                                                                                                                                                     
