NCR SS  TN GSTDZALL Final Content:MA Level:17 Form:G Other:SV (18SEP07)                                                                                                                                                                                         
   0    487                                                                                                                                                                                                                                                     
   1    487                                                                                                                                                                                                                                                     
   2    487                                                                                                                                                                                                                                                     
   3    487                                                                                                                                                                                                                                                     
   4    487                                                                                                                                                                                                                                                     
   5    487                                                                                                                                                                                                                                                     
   6    487                                                                                                                                                                                                                                                     
   7    583                                                                                                                                                                                                                                                     
   8    609                                                                                                                                                                                                                                                     
   9    623                                                                                                                                                                                                                                                     
  10    634                                                                                                                                                                                                                                                     
  11    642                                                                                                                                                                                                                                                     
  12    650                                                                                                                                                                                                                                                     
  13    657                                                                                                                                                                                                                                                     
  14    663                                                                                                                                                                                                                                                     
  15    669                                                                                                                                                                                                                                                     
  16    675                                                                                                                                                                                                                                                     
  17    680                                                                                                                                                                                                                                                     
  18    685                                                                                                                                                                                                                                                     
  19    690                                                                                                                                                                                                                                                     
  20    695                                                                                                                                                                                                                                                     
  21    700                                                                                                                                                                                                                                                     
  22    705                                                                                                                                                                                                                                                     
  23    709                                                                                                                                                                                                                                                     
  24    714                                                                                                                                                                                                                                                     
  25    719                                                                                                                                                                                                                                                     
  26    724                                                                                                                                                                                                                                                     
  27    730                                                                                                                                                                                                                                                     
  28    737                                                                                                                                                                                                                                                     
  29    745                                                                                                                                                                                                                                                     
  30    757                                                                                                                                                                                                                                                     
  31    778                                                                                                                                                                                                                                                     
  32    850                                                                                                                                                                                                                                                     
