NCR SS  TN GSTDZALL Final Content:MA Level:14 Form:G Other:CB (18SEP07)                                                                                                                                                                                         
   0    403                                                                                                                                                                                                                                                     
   1    403                                                                                                                                                                                                                                                     
   2    403                                                                                                                                                                                                                                                     
   3    403                                                                                                                                                                                                                                                     
   4    403                                                                                                                                                                                                                                                     
   5    403                                                                                                                                                                                                                                                     
   6    403                                                                                                                                                                                                                                                     
   7    403                                                                                                                                                                                                                                                     
   8    403                                                                                                                                                                                                                                                     
   9    403                                                                                                                                                                                                                                                     
  10    403                                                                                                                                                                                                                                                     
  11    403                                                                                                                                                                                                                                                     
  12    486                                                                                                                                                                                                                                                     
  13    524                                                                                                                                                                                                                                                     
  14    543                                                                                                                                                                                                                                                     
  15    556                                                                                                                                                                                                                                                     
  16    565                                                                                                                                                                                                                                                     
  17    573                                                                                                                                                                                                                                                     
  18    580                                                                                                                                                                                                                                                     
  19    585                                                                                                                                                                                                                                                     
  20    590                                                                                                                                                                                                                                                     
  21    595                                                                                                                                                                                                                                                     
  22    599                                                                                                                                                                                                                                                     
  23    603                                                                                                                                                                                                                                                     
  24    607                                                                                                                                                                                                                                                     
  25    610                                                                                                                                                                                                                                                     
  26    613                                                                                                                                                                                                                                                     
  27    617                                                                                                                                                                                                                                                     
  28    620                                                                                                                                                                                                                                                     
  29    623                                                                                                                                                                                                                                                     
  30    626                                                                                                                                                                                                                                                     
  31    629                                                                                                                                                                                                                                                     
  32    631                                                                                                                                                                                                                                                     
  33    634                                                                                                                                                                                                                                                     
  34    637                                                                                                                                                                                                                                                     
  35    640                                                                                                                                                                                                                                                     
  36    643                                                                                                                                                                                                                                                     
  37    645                                                                                                                                                                                                                                                     
  38    648                                                                                                                                                                                                                                                     
  39    651                                                                                                                                                                                                                                                     
  40    654                                                                                                                                                                                                                                                     
  41    656                                                                                                                                                                                                                                                     
  42    659                                                                                                                                                                                                                                                     
  43    662                                                                                                                                                                                                                                                     
  44    665                                                                                                                                                                                                                                                     
  45    669                                                                                                                                                                                                                                                     
  46    672                                                                                                                                                                                                                                                     
  47    675                                                                                                                                                                                                                                                     
  48    679                                                                                                                                                                                                                                                     
  49    683                                                                                                                                                                                                                                                     
  50    688                                                                                                                                                                                                                                                     
  51    693                                                                                                                                                                                                                                                     
  52    699                                                                                                                                                                                                                                                     
  53    706                                                                                                                                                                                                                                                     
  54    716                                                                                                                                                                                                                                                     
  55    729                                                                                                                                                                                                                                                     
  56    753                                                                                                                                                                                                                                                     
  57    770                                                                                                                                                                                                                                                     
