NCR SS  TN GSTDZALL Final Content:MA Level:21 Form:G Other:CB (18SEP07)                                                                                                                                                                                         
   0    560                                                                                                                                                                                                                                                     
   1    560                                                                                                                                                                                                                                                     
   2    560                                                                                                                                                                                                                                                     
   3    560                                                                                                                                                                                                                                                     
   4    560                                                                                                                                                                                                                                                     
   5    560                                                                                                                                                                                                                                                     
   6    560                                                                                                                                                                                                                                                     
   7    560                                                                                                                                                                                                                                                     
   8    560                                                                                                                                                                                                                                                     
   9    560                                                                                                                                                                                                                                                     
  10    601                                                                                                                                                                                                                                                     
  11    649                                                                                                                                                                                                                                                     
  12    665                                                                                                                                                                                                                                                     
  13    675                                                                                                                                                                                                                                                     
  14    683                                                                                                                                                                                                                                                     
  15    690                                                                                                                                                                                                                                                     
  16    695                                                                                                                                                                                                                                                     
  17    700                                                                                                                                                                                                                                                     
  18    705                                                                                                                                                                                                                                                     
  19    709                                                                                                                                                                                                                                                     
  20    713                                                                                                                                                                                                                                                     
  21    716                                                                                                                                                                                                                                                     
  22    720                                                                                                                                                                                                                                                     
  23    723                                                                                                                                                                                                                                                     
  24    726                                                                                                                                                                                                                                                     
  25    729                                                                                                                                                                                                                                                     
  26    733                                                                                                                                                                                                                                                     
  27    736                                                                                                                                                                                                                                                     
  28    739                                                                                                                                                                                                                                                     
  29    741                                                                                                                                                                                                                                                     
  30    744                                                                                                                                                                                                                                                     
  31    747                                                                                                                                                                                                                                                     
  32    750                                                                                                                                                                                                                                                     
  33    753                                                                                                                                                                                                                                                     
  34    756                                                                                                                                                                                                                                                     
  35    759                                                                                                                                                                                                                                                     
  36    762                                                                                                                                                                                                                                                     
  37    765                                                                                                                                                                                                                                                     
  38    768                                                                                                                                                                                                                                                     
  39    771                                                                                                                                                                                                                                                     
  40    775                                                                                                                                                                                                                                                     
  41    779                                                                                                                                                                                                                                                     
  42    784                                                                                                                                                                                                                                                     
  43    791                                                                                                                                                                                                                                                     
  44    800                                                                                                                                                                                                                                                     
  45    816                                                                                                                                                                                                                                                     
  46    915                                                                                                                                                                                                                                                     
