NCR SS  TN GSTDZALL Final Content:MA Level:15 Form:G Other:CB (18SEP07)                                                                                                                                                                                         
   0    430                                                                                                                                                                                                                                                     
   1    430                                                                                                                                                                                                                                                     
   2    430                                                                                                                                                                                                                                                     
   3    430                                                                                                                                                                                                                                                     
   4    430                                                                                                                                                                                                                                                     
   5    430                                                                                                                                                                                                                                                     
   6    430                                                                                                                                                                                                                                                     
   7    430                                                                                                                                                                                                                                                     
   8    430                                                                                                                                                                                                                                                     
   9    430                                                                                                                                                                                                                                                     
  10    430                                                                                                                                                                                                                                                     
  11    430                                                                                                                                                                                                                                                     
  12    533                                                                                                                                                                                                                                                     
  13    557                                                                                                                                                                                                                                                     
  14    571                                                                                                                                                                                                                                                     
  15    581                                                                                                                                                                                                                                                     
  16    588                                                                                                                                                                                                                                                     
  17    595                                                                                                                                                                                                                                                     
  18    600                                                                                                                                                                                                                                                     
  19    605                                                                                                                                                                                                                                                     
  20    609                                                                                                                                                                                                                                                     
  21    613                                                                                                                                                                                                                                                     
  22    617                                                                                                                                                                                                                                                     
  23    621                                                                                                                                                                                                                                                     
  24    624                                                                                                                                                                                                                                                     
  25    627                                                                                                                                                                                                                                                     
  26    630                                                                                                                                                                                                                                                     
  27    633                                                                                                                                                                                                                                                     
  28    636                                                                                                                                                                                                                                                     
  29    639                                                                                                                                                                                                                                                     
  30    642                                                                                                                                                                                                                                                     
  31    644                                                                                                                                                                                                                                                     
  32    647                                                                                                                                                                                                                                                     
  33    650                                                                                                                                                                                                                                                     
  34    653                                                                                                                                                                                                                                                     
  35    655                                                                                                                                                                                                                                                     
  36    658                                                                                                                                                                                                                                                     
  37    661                                                                                                                                                                                                                                                     
  38    663                                                                                                                                                                                                                                                     
  39    666                                                                                                                                                                                                                                                     
  40    669                                                                                                                                                                                                                                                     
  41    672                                                                                                                                                                                                                                                     
  42    675                                                                                                                                                                                                                                                     
  43    678                                                                                                                                                                                                                                                     
  44    681                                                                                                                                                                                                                                                     
  45    684                                                                                                                                                                                                                                                     
  46    687                                                                                                                                                                                                                                                     
  47    691                                                                                                                                                                                                                                                     
  48    694                                                                                                                                                                                                                                                     
  49    698                                                                                                                                                                                                                                                     
  50    703                                                                                                                                                                                                                                                     
  51    707                                                                                                                                                                                                                                                     
  52    713                                                                                                                                                                                                                                                     
  53    719                                                                                                                                                                                                                                                     
  54    728                                                                                                                                                                                                                                                     
  55    740                                                                                                                                                                                                                                                     
  56    762                                                                                                                                                                                                                                                     
  57    797                                                                                                                                                                                                                                                     
