NCR SS  TN GSTDZALL Final Content:MA Level:14 Form:G Other:SV (18SEP07)                                                                                                                                                                                         
   0    403                                                                                                                                                                                                                                                     
   1    403                                                                                                                                                                                                                                                     
   2    403                                                                                                                                                                                                                                                     
   3    403                                                                                                                                                                                                                                                     
   4    403                                                                                                                                                                                                                                                     
   5    403                                                                                                                                                                                                                                                     
   6    416                                                                                                                                                                                                                                                     
   7    516                                                                                                                                                                                                                                                     
   8    545                                                                                                                                                                                                                                                     
   9    563                                                                                                                                                                                                                                                     
  10    575                                                                                                                                                                                                                                                     
  11    585                                                                                                                                                                                                                                                     
  12    593                                                                                                                                                                                                                                                     
  13    600                                                                                                                                                                                                                                                     
  14    607                                                                                                                                                                                                                                                     
  15    613                                                                                                                                                                                                                                                     
  16    619                                                                                                                                                                                                                                                     
  17    624                                                                                                                                                                                                                                                     
  18    630                                                                                                                                                                                                                                                     
  19    635                                                                                                                                                                                                                                                     
  20    641                                                                                                                                                                                                                                                     
  21    646                                                                                                                                                                                                                                                     
  22    651                                                                                                                                                                                                                                                     
  23    657                                                                                                                                                                                                                                                     
  24    663                                                                                                                                                                                                                                                     
  25    669                                                                                                                                                                                                                                                     
  26    675                                                                                                                                                                                                                                                     
  27    682                                                                                                                                                                                                                                                     
  28    690                                                                                                                                                                                                                                                     
  29    700                                                                                                                                                                                                                                                     
  30    714                                                                                                                                                                                                                                                     
  31    737                                                                                                                                                                                                                                                     
  32    770                                                                                                                                                                                                                                                     
