NCR SS  TN GSTDZALL Final Content:MA Level:15 Form:G Other:MA (18SEP07)                                                                                                                                                                                         
   0    430                                                                                                                                                                                                                                                     
   1    430                                                                                                                                                                                                                                                     
   2    430                                                                                                                                                                                                                                                     
   3    430                                                                                                                                                                                                                                                     
   4    430                                                                                                                                                                                                                                                     
   5    430                                                                                                                                                                                                                                                     
   6    430                                                                                                                                                                                                                                                     
   7    515                                                                                                                                                                                                                                                     
   8    541                                                                                                                                                                                                                                                     
   9    557                                                                                                                                                                                                                                                     
  10    567                                                                                                                                                                                                                                                     
  11    576                                                                                                                                                                                                                                                     
  12    583                                                                                                                                                                                                                                                     
  13    589                                                                                                                                                                                                                                                     
  14    594                                                                                                                                                                                                                                                     
  15    599                                                                                                                                                                                                                                                     
  16    603                                                                                                                                                                                                                                                     
  17    607                                                                                                                                                                                                                                                     
  18    611                                                                                                                                                                                                                                                     
  19    615                                                                                                                                                                                                                                                     
  20    618                                                                                                                                                                                                                                                     
  21    622                                                                                                                                                                                                                                                     
  22    625                                                                                                                                                                                                                                                     
  23    628                                                                                                                                                                                                                                                     
  24    631                                                                                                                                                                                                                                                     
  25    634                                                                                                                                                                                                                                                     
  26    637                                                                                                                                                                                                                                                     
  27    639                                                                                                                                                                                                                                                     
  28    642                                                                                                                                                                                                                                                     
  29    645                                                                                                                                                                                                                                                     
  30    648                                                                                                                                                                                                                                                     
  31    650                                                                                                                                                                                                                                                     
  32    653                                                                                                                                                                                                                                                     
  33    656                                                                                                                                                                                                                                                     
  34    658                                                                                                                                                                                                                                                     
  35    661                                                                                                                                                                                                                                                     
  36    664                                                                                                                                                                                                                                                     
  37    667                                                                                                                                                                                                                                                     
  38    670                                                                                                                                                                                                                                                     
  39    672                                                                                                                                                                                                                                                     
  40    675                                                                                                                                                                                                                                                     
  41    678                                                                                                                                                                                                                                                     
  42    681                                                                                                                                                                                                                                                     
  43    685                                                                                                                                                                                                                                                     
  44    688                                                                                                                                                                                                                                                     
  45    692                                                                                                                                                                                                                                                     
  46    696                                                                                                                                                                                                                                                     
  47    700                                                                                                                                                                                                                                                     
  48    704                                                                                                                                                                                                                                                     
  49    709                                                                                                                                                                                                                                                     
  50    714                                                                                                                                                                                                                                                     
  51    721                                                                                                                                                                                                                                                     
  52    728                                                                                                                                                                                                                                                     
  53    736                                                                                                                                                                                                                                                     
  54    748                                                                                                                                                                                                                                                     
  55    764                                                                                                                                                                                                                                                     
  56    792                                                                                                                                                                                                                                                     
  57    797                                                                                                                                                                                                                                                     
