NCR SS  TN GSTDZALL Final Content:MA Level:10 Form:G Other:CB (18SEP07)                                                                                                                                                                                         
   0    290                                                                                                                                                                                                                                                     
   1    290                                                                                                                                                                                                                                                     
   2    290                                                                                                                                                                                                                                                     
   3    290                                                                                                                                                                                                                                                     
   4    290                                                                                                                                                                                                                                                     
   5    290                                                                                                                                                                                                                                                     
   6    290                                                                                                                                                                                                                                                     
   7    328                                                                                                                                                                                                                                                     
   8    360                                                                                                                                                                                                                                                     
   9    380                                                                                                                                                                                                                                                     
  10    394                                                                                                                                                                                                                                                     
  11    405                                                                                                                                                                                                                                                     
  12    415                                                                                                                                                                                                                                                     
  13    424                                                                                                                                                                                                                                                     
  14    433                                                                                                                                                                                                                                                     
  15    441                                                                                                                                                                                                                                                     
  16    448                                                                                                                                                                                                                                                     
  17    456                                                                                                                                                                                                                                                     
  18    463                                                                                                                                                                                                                                                     
  19    470                                                                                                                                                                                                                                                     
  20    478                                                                                                                                                                                                                                                     
  21    485                                                                                                                                                                                                                                                     
  22    493                                                                                                                                                                                                                                                     
  23    501                                                                                                                                                                                                                                                     
  24    510                                                                                                                                                                                                                                                     
  25    519                                                                                                                                                                                                                                                     
  26    528                                                                                                                                                                                                                                                     
  27    539                                                                                                                                                                                                                                                     
  28    553                                                                                                                                                                                                                                                     
  29    577                                                                                                                                                                                                                                                     
  30    629                                                                                                                                                                                                                                                     
