NCR SS  TN GSTDZALL Final Content:MA Level:16 Form:G Other:CB (18SEP07)                                                                                                                                                                                         
   0    477                                                                                                                                                                                                                                                     
   1    477                                                                                                                                                                                                                                                     
   2    477                                                                                                                                                                                                                                                     
   3    477                                                                                                                                                                                                                                                     
   4    477                                                                                                                                                                                                                                                     
   5    477                                                                                                                                                                                                                                                     
   6    477                                                                                                                                                                                                                                                     
   7    477                                                                                                                                                                                                                                                     
   8    477                                                                                                                                                                                                                                                     
   9    477                                                                                                                                                                                                                                                     
  10    477                                                                                                                                                                                                                                                     
  11    516                                                                                                                                                                                                                                                     
  12    565                                                                                                                                                                                                                                                     
  13    586                                                                                                                                                                                                                                                     
  14    599                                                                                                                                                                                                                                                     
  15    608                                                                                                                                                                                                                                                     
  16    616                                                                                                                                                                                                                                                     
  17    623                                                                                                                                                                                                                                                     
  18    628                                                                                                                                                                                                                                                     
  19    633                                                                                                                                                                                                                                                     
  20    638                                                                                                                                                                                                                                                     
  21    642                                                                                                                                                                                                                                                     
  22    646                                                                                                                                                                                                                                                     
  23    650                                                                                                                                                                                                                                                     
  24    654                                                                                                                                                                                                                                                     
  25    657                                                                                                                                                                                                                                                     
  26    661                                                                                                                                                                                                                                                     
  27    664                                                                                                                                                                                                                                                     
  28    667                                                                                                                                                                                                                                                     
  29    670                                                                                                                                                                                                                                                     
  30    673                                                                                                                                                                                                                                                     
  31    676                                                                                                                                                                                                                                                     
  32    678                                                                                                                                                                                                                                                     
  33    681                                                                                                                                                                                                                                                     
  34    684                                                                                                                                                                                                                                                     
  35    686                                                                                                                                                                                                                                                     
  36    689                                                                                                                                                                                                                                                     
  37    691                                                                                                                                                                                                                                                     
  38    694                                                                                                                                                                                                                                                     
  39    696                                                                                                                                                                                                                                                     
  40    699                                                                                                                                                                                                                                                     
  41    702                                                                                                                                                                                                                                                     
  42    704                                                                                                                                                                                                                                                     
  43    707                                                                                                                                                                                                                                                     
  44    710                                                                                                                                                                                                                                                     
  45    713                                                                                                                                                                                                                                                     
  46    716                                                                                                                                                                                                                                                     
  47    720                                                                                                                                                                                                                                                     
  48    724                                                                                                                                                                                                                                                     
  49    728                                                                                                                                                                                                                                                     
  50    733                                                                                                                                                                                                                                                     
  51    739                                                                                                                                                                                                                                                     
  52    746                                                                                                                                                                                                                                                     
  53    755                                                                                                                                                                                                                                                     
  54    770                                                                                                                                                                                                                                                     
  55    798                                                                                                                                                                                                                                                     
  56    820                                                                                                                                                                                                                                                     
