NCR SS  TN GSTDZALL Final Content:MA Level:13 Form:G Other:MA (18SEP07)                                                                                                                                                                                         
   0    385                                                                                                                                                                                                                                                     
   1    385                                                                                                                                                                                                                                                     
   2    385                                                                                                                                                                                                                                                     
   3    385                                                                                                                                                                                                                                                     
   4    385                                                                                                                                                                                                                                                     
   5    385                                                                                                                                                                                                                                                     
   6    397                                                                                                                                                                                                                                                     
   7    467                                                                                                                                                                                                                                                     
   8    492                                                                                                                                                                                                                                                     
   9    507                                                                                                                                                                                                                                                     
  10    517                                                                                                                                                                                                                                                     
  11    526                                                                                                                                                                                                                                                     
  12    533                                                                                                                                                                                                                                                     
  13    539                                                                                                                                                                                                                                                     
  14    544                                                                                                                                                                                                                                                     
  15    549                                                                                                                                                                                                                                                     
  16    553                                                                                                                                                                                                                                                     
  17    557                                                                                                                                                                                                                                                     
  18    561                                                                                                                                                                                                                                                     
  19    565                                                                                                                                                                                                                                                     
  20    568                                                                                                                                                                                                                                                     
  21    572                                                                                                                                                                                                                                                     
  22    575                                                                                                                                                                                                                                                     
  23    578                                                                                                                                                                                                                                                     
  24    581                                                                                                                                                                                                                                                     
  25    584                                                                                                                                                                                                                                                     
  26    587                                                                                                                                                                                                                                                     
  27    590                                                                                                                                                                                                                                                     
  28    592                                                                                                                                                                                                                                                     
  29    595                                                                                                                                                                                                                                                     
  30    598                                                                                                                                                                                                                                                     
  31    601                                                                                                                                                                                                                                                     
  32    604                                                                                                                                                                                                                                                     
  33    607                                                                                                                                                                                                                                                     
  34    610                                                                                                                                                                                                                                                     
  35    613                                                                                                                                                                                                                                                     
  36    616                                                                                                                                                                                                                                                     
  37    619                                                                                                                                                                                                                                                     
  38    622                                                                                                                                                                                                                                                     
  39    626                                                                                                                                                                                                                                                     
  40    629                                                                                                                                                                                                                                                     
  41    633                                                                                                                                                                                                                                                     
  42    638                                                                                                                                                                                                                                                     
  43    642                                                                                                                                                                                                                                                     
  44    647                                                                                                                                                                                                                                                     
  45    653                                                                                                                                                                                                                                                     
  46    661                                                                                                                                                                                                                                                     
  47    670                                                                                                                                                                                                                                                     
  48    684                                                                                                                                                                                                                                                     
  49    708                                                                                                                                                                                                                                                     
  50    740                                                                                                                                                                                                                                                     
