NCR SS  TN GSTDZALL Final Content:MA Level:18 Form:G Other:SV (18SEP07)                                                                                                                                                                                         
   0    502                                                                                                                                                                                                                                                     
   1    502                                                                                                                                                                                                                                                     
   2    502                                                                                                                                                                                                                                                     
   3    502                                                                                                                                                                                                                                                     
   4    502                                                                                                                                                                                                                                                     
   5    502                                                                                                                                                                                                                                                     
   6    550                                                                                                                                                                                                                                                     
   7    604                                                                                                                                                                                                                                                     
   8    623                                                                                                                                                                                                                                                     
   9    636                                                                                                                                                                                                                                                     
  10    646                                                                                                                                                                                                                                                     
  11    654                                                                                                                                                                                                                                                     
  12    662                                                                                                                                                                                                                                                     
  13    669                                                                                                                                                                                                                                                     
  14    675                                                                                                                                                                                                                                                     
  15    681                                                                                                                                                                                                                                                     
  16    687                                                                                                                                                                                                                                                     
  17    693                                                                                                                                                                                                                                                     
  18    698                                                                                                                                                                                                                                                     
  19    704                                                                                                                                                                                                                                                     
  20    709                                                                                                                                                                                                                                                     
  21    715                                                                                                                                                                                                                                                     
  22    720                                                                                                                                                                                                                                                     
  23    726                                                                                                                                                                                                                                                     
  24    732                                                                                                                                                                                                                                                     
  25    738                                                                                                                                                                                                                                                     
  26    745                                                                                                                                                                                                                                                     
  27    753                                                                                                                                                                                                                                                     
  28    762                                                                                                                                                                                                                                                     
  29    774                                                                                                                                                                                                                                                     
  30    795                                                                                                                                                                                                                                                     
  31    872                                                                                                                                                                                                                                                     
