NCR SS  TN GSTDZALL Final Content:MA Level:20 Form:G Other:MA (18SEP07)                                                                                                                                                                                         
   0    530                                                                                                                                                                                                                                                     
   1    530                                                                                                                                                                                                                                                     
   2    530                                                                                                                                                                                                                                                     
   3    530                                                                                                                                                                                                                                                     
   4    530                                                                                                                                                                                                                                                     
   5    530                                                                                                                                                                                                                                                     
   6    613                                                                                                                                                                                                                                                     
   7    637                                                                                                                                                                                                                                                     
   8    651                                                                                                                                                                                                                                                     
   9    661                                                                                                                                                                                                                                                     
  10    669                                                                                                                                                                                                                                                     
  11    675                                                                                                                                                                                                                                                     
  12    680                                                                                                                                                                                                                                                     
  13    685                                                                                                                                                                                                                                                     
  14    689                                                                                                                                                                                                                                                     
  15    692                                                                                                                                                                                                                                                     
  16    696                                                                                                                                                                                                                                                     
  17    699                                                                                                                                                                                                                                                     
  18    702                                                                                                                                                                                                                                                     
  19    705                                                                                                                                                                                                                                                     
  20    707                                                                                                                                                                                                                                                     
  21    710                                                                                                                                                                                                                                                     
  22    712                                                                                                                                                                                                                                                     
  23    715                                                                                                                                                                                                                                                     
  24    717                                                                                                                                                                                                                                                     
  25    720                                                                                                                                                                                                                                                     
  26    722                                                                                                                                                                                                                                                     
  27    724                                                                                                                                                                                                                                                     
  28    727                                                                                                                                                                                                                                                     
  29    729                                                                                                                                                                                                                                                     
  30    731                                                                                                                                                                                                                                                     
  31    734                                                                                                                                                                                                                                                     
  32    736                                                                                                                                                                                                                                                     
  33    738                                                                                                                                                                                                                                                     
  34    740                                                                                                                                                                                                                                                     
  35    743                                                                                                                                                                                                                                                     
  36    745                                                                                                                                                                                                                                                     
  37    748                                                                                                                                                                                                                                                     
  38    750                                                                                                                                                                                                                                                     
  39    753                                                                                                                                                                                                                                                     
  40    755                                                                                                                                                                                                                                                     
  41    758                                                                                                                                                                                                                                                     
  42    761                                                                                                                                                                                                                                                     
  43    764                                                                                                                                                                                                                                                     
  44    767                                                                                                                                                                                                                                                     
  45    771                                                                                                                                                                                                                                                     
  46    774                                                                                                                                                                                                                                                     
  47    779                                                                                                                                                                                                                                                     
  48    783                                                                                                                                                                                                                                                     
  49    789                                                                                                                                                                                                                                                     
  50    795                                                                                                                                                                                                                                                     
  51    803                                                                                                                                                                                                                                                     
  52    814                                                                                                                                                                                                                                                     
  53    829                                                                                                                                                                                                                                                     
  54    856                                                                                                                                                                                                                                                     
  55    892                                                                                                                                                                                                                                                     
