NCR SS  TN GSTDZALL Final Content:MA Level:16 Form:G Other:SV (18SEP07)                                                                                                                                                                                         
   0    477                                                                                                                                                                                                                                                     
   1    477                                                                                                                                                                                                                                                     
   2    477                                                                                                                                                                                                                                                     
   3    477                                                                                                                                                                                                                                                     
   4    477                                                                                                                                                                                                                                                     
   5    477                                                                                                                                                                                                                                                     
   6    512                                                                                                                                                                                                                                                     
   7    573                                                                                                                                                                                                                                                     
   8    595                                                                                                                                                                                                                                                     
   9    609                                                                                                                                                                                                                                                     
  10    620                                                                                                                                                                                                                                                     
  11    629                                                                                                                                                                                                                                                     
  12    637                                                                                                                                                                                                                                                     
  13    644                                                                                                                                                                                                                                                     
  14    650                                                                                                                                                                                                                                                     
  15    656                                                                                                                                                                                                                                                     
  16    662                                                                                                                                                                                                                                                     
  17    668                                                                                                                                                                                                                                                     
  18    673                                                                                                                                                                                                                                                     
  19    678                                                                                                                                                                                                                                                     
  20    684                                                                                                                                                                                                                                                     
  21    689                                                                                                                                                                                                                                                     
  22    694                                                                                                                                                                                                                                                     
  23    700                                                                                                                                                                                                                                                     
  24    705                                                                                                                                                                                                                                                     
  25    711                                                                                                                                                                                                                                                     
  26    718                                                                                                                                                                                                                                                     
  27    726                                                                                                                                                                                                                                                     
  28    736                                                                                                                                                                                                                                                     
  29    751                                                                                                                                                                                                                                                     
  30    779                                                                                                                                                                                                                                                     
  31    820                                                                                                                                                                                                                                                     
