NCR SS  TN GSTDZALL Final Content:MA Level:12 Form:G Other:SV (18SEP07)                                                                                                                                                                                         
   0    347                                                                                                                                                                                                                                                     
   1    347                                                                                                                                                                                                                                                     
   2    347                                                                                                                                                                                                                                                     
   3    347                                                                                                                                                                                                                                                     
   4    347                                                                                                                                                                                                                                                     
   5    347                                                                                                                                                                                                                                                     
   6    381                                                                                                                                                                                                                                                     
   7    430                                                                                                                                                                                                                                                     
   8    454                                                                                                                                                                                                                                                     
   9    470                                                                                                                                                                                                                                                     
  10    483                                                                                                                                                                                                                                                     
  11    495                                                                                                                                                                                                                                                     
  12    505                                                                                                                                                                                                                                                     
  13    514                                                                                                                                                                                                                                                     
  14    522                                                                                                                                                                                                                                                     
  15    530                                                                                                                                                                                                                                                     
  16    538                                                                                                                                                                                                                                                     
  17    545                                                                                                                                                                                                                                                     
  18    553                                                                                                                                                                                                                                                     
  19    560                                                                                                                                                                                                                                                     
  20    568                                                                                                                                                                                                                                                     
  21    576                                                                                                                                                                                                                                                     
  22    585                                                                                                                                                                                                                                                     
  23    595                                                                                                                                                                                                                                                     
  24    610                                                                                                                                                                                                                                                     
  25    635                                                                                                                                                                                                                                                     
  26    720                                                                                                                                                                                                                                                     
