NCR SS  TN GSTDZALL Final Content:MA Level:12 Form:G Other:CB (18SEP07)                                                                                                                                                                                         
   0    347                                                                                                                                                                                                                                                     
   1    347                                                                                                                                                                                                                                                     
   2    347                                                                                                                                                                                                                                                     
   3    347                                                                                                                                                                                                                                                     
   4    347                                                                                                                                                                                                                                                     
   5    347                                                                                                                                                                                                                                                     
   6    347                                                                                                                                                                                                                                                     
   7    347                                                                                                                                                                                                                                                     
   8    347                                                                                                                                                                                                                                                     
   9    347                                                                                                                                                                                                                                                     
  10    347                                                                                                                                                                                                                                                     
  11    399                                                                                                                                                                                                                                                     
  12    423                                                                                                                                                                                                                                                     
  13    439                                                                                                                                                                                                                                                     
  14    451                                                                                                                                                                                                                                                     
  15    461                                                                                                                                                                                                                                                     
  16    469                                                                                                                                                                                                                                                     
  17    476                                                                                                                                                                                                                                                     
  18    483                                                                                                                                                                                                                                                     
  19    489                                                                                                                                                                                                                                                     
  20    495                                                                                                                                                                                                                                                     
  21    500                                                                                                                                                                                                                                                     
  22    506                                                                                                                                                                                                                                                     
  23    511                                                                                                                                                                                                                                                     
  24    515                                                                                                                                                                                                                                                     
  25    520                                                                                                                                                                                                                                                     
  26    524                                                                                                                                                                                                                                                     
  27    529                                                                                                                                                                                                                                                     
  28    533                                                                                                                                                                                                                                                     
  29    537                                                                                                                                                                                                                                                     
  30    541                                                                                                                                                                                                                                                     
  31    545                                                                                                                                                                                                                                                     
  32    549                                                                                                                                                                                                                                                     
  33    553                                                                                                                                                                                                                                                     
  34    557                                                                                                                                                                                                                                                     
  35    561                                                                                                                                                                                                                                                     
  36    565                                                                                                                                                                                                                                                     
  37    569                                                                                                                                                                                                                                                     
  38    574                                                                                                                                                                                                                                                     
  39    579                                                                                                                                                                                                                                                     
  40    584                                                                                                                                                                                                                                                     
  41    589                                                                                                                                                                                                                                                     
  42    596                                                                                                                                                                                                                                                     
  43    603                                                                                                                                                                                                                                                     
  44    612                                                                                                                                                                                                                                                     
  45    626                                                                                                                                                                                                                                                     
  46    650                                                                                                                                                                                                                                                     
  47    720                                                                                                                                                                                                                                                     
