NCR SS  TN GSTDZALL Final Content:MA Level:19 Form:G Other:CB (18SEP07)                                                                                                                                                                                         
   0    513                                                                                                                                                                                                                                                     
   1    513                                                                                                                                                                                                                                                     
   2    513                                                                                                                                                                                                                                                     
   3    513                                                                                                                                                                                                                                                     
   4    513                                                                                                                                                                                                                                                     
   5    513                                                                                                                                                                                                                                                     
   6    513                                                                                                                                                                                                                                                     
   7    513                                                                                                                                                                                                                                                     
   8    513                                                                                                                                                                                                                                                     
   9    513                                                                                                                                                                                                                                                     
  10    597                                                                                                                                                                                                                                                     
  11    626                                                                                                                                                                                                                                                     
  12    641                                                                                                                                                                                                                                                     
  13    652                                                                                                                                                                                                                                                     
  14    660                                                                                                                                                                                                                                                     
  15    668                                                                                                                                                                                                                                                     
  16    674                                                                                                                                                                                                                                                     
  17    679                                                                                                                                                                                                                                                     
  18    684                                                                                                                                                                                                                                                     
  19    689                                                                                                                                                                                                                                                     
  20    693                                                                                                                                                                                                                                                     
  21    697                                                                                                                                                                                                                                                     
  22    701                                                                                                                                                                                                                                                     
  23    705                                                                                                                                                                                                                                                     
  24    709                                                                                                                                                                                                                                                     
  25    713                                                                                                                                                                                                                                                     
  26    716                                                                                                                                                                                                                                                     
  27    720                                                                                                                                                                                                                                                     
  28    723                                                                                                                                                                                                                                                     
  29    727                                                                                                                                                                                                                                                     
  30    731                                                                                                                                                                                                                                                     
  31    734                                                                                                                                                                                                                                                     
  32    738                                                                                                                                                                                                                                                     
  33    741                                                                                                                                                                                                                                                     
  34    745                                                                                                                                                                                                                                                     
  35    749                                                                                                                                                                                                                                                     
  36    753                                                                                                                                                                                                                                                     
  37    757                                                                                                                                                                                                                                                     
  38    762                                                                                                                                                                                                                                                     
  39    767                                                                                                                                                                                                                                                     
  40    772                                                                                                                                                                                                                                                     
  41    779                                                                                                                                                                                                                                                     
  42    786                                                                                                                                                                                                                                                     
  43    796                                                                                                                                                                                                                                                     
  44    811                                                                                                                                                                                                                                                     
  45    838                                                                                                                                                                                                                                                     
  46    877                                                                                                                                                                                                                                                     
