NCR SS  TN GSTDZALL Final Content:MA Level:11 Form:G Other:MA (18SEP07)                                                                                                                                                                                         
   0    324                                                                                                                                                                                                                                                     
   1    324                                                                                                                                                                                                                                                     
   2    324                                                                                                                                                                                                                                                     
   3    324                                                                                                                                                                                                                                                     
   4    324                                                                                                                                                                                                                                                     
   5    324                                                                                                                                                                                                                                                     
   6    331                                                                                                                                                                                                                                                     
   7    362                                                                                                                                                                                                                                                     
   8    382                                                                                                                                                                                                                                                     
   9    396                                                                                                                                                                                                                                                     
  10    407                                                                                                                                                                                                                                                     
  11    416                                                                                                                                                                                                                                                     
  12    424                                                                                                                                                                                                                                                     
  13    431                                                                                                                                                                                                                                                     
  14    438                                                                                                                                                                                                                                                     
  15    444                                                                                                                                                                                                                                                     
  16    449                                                                                                                                                                                                                                                     
  17    455                                                                                                                                                                                                                                                     
  18    460                                                                                                                                                                                                                                                     
  19    464                                                                                                                                                                                                                                                     
  20    469                                                                                                                                                                                                                                                     
  21    473                                                                                                                                                                                                                                                     
  22    478                                                                                                                                                                                                                                                     
  23    482                                                                                                                                                                                                                                                     
  24    486                                                                                                                                                                                                                                                     
  25    491                                                                                                                                                                                                                                                     
  26    495                                                                                                                                                                                                                                                     
  27    499                                                                                                                                                                                                                                                     
  28    504                                                                                                                                                                                                                                                     
  29    508                                                                                                                                                                                                                                                     
  30    513                                                                                                                                                                                                                                                     
  31    518                                                                                                                                                                                                                                                     
  32    523                                                                                                                                                                                                                                                     
  33    528                                                                                                                                                                                                                                                     
  34    533                                                                                                                                                                                                                                                     
  35    539                                                                                                                                                                                                                                                     
  36    545                                                                                                                                                                                                                                                     
  37    552                                                                                                                                                                                                                                                     
  38    560                                                                                                                                                                                                                                                     
  39    570                                                                                                                                                                                                                                                     
  40    582                                                                                                                                                                                                                                                     
  41    600                                                                                                                                                                                                                                                     
  42    629                                                                                                                                                                                                                                                     
  43    680                                                                                                                                                                                                                                                     
  44    680                                                                                                                                                                                                                                                     
