NCR SS  TN GSTDZALL Final Content:MA Level:21 Form:G Other:MA (18SEP07)                                                                                                                                                                                         
   0    560                                                                                                                                                                                                                                                     
   1    560                                                                                                                                                                                                                                                     
   2    560                                                                                                                                                                                                                                                     
   3    560                                                                                                                                                                                                                                                     
   4    560                                                                                                                                                                                                                                                     
   5    560                                                                                                                                                                                                                                                     
   6    627                                                                                                                                                                                                                                                     
   7    653                                                                                                                                                                                                                                                     
   8    667                                                                                                                                                                                                                                                     
   9    676                                                                                                                                                                                                                                                     
  10    684                                                                                                                                                                                                                                                     
  11    690                                                                                                                                                                                                                                                     
  12    695                                                                                                                                                                                                                                                     
  13    699                                                                                                                                                                                                                                                     
  14    703                                                                                                                                                                                                                                                     
  15    707                                                                                                                                                                                                                                                     
  16    710                                                                                                                                                                                                                                                     
  17    713                                                                                                                                                                                                                                                     
  18    716                                                                                                                                                                                                                                                     
  19    719                                                                                                                                                                                                                                                     
  20    722                                                                                                                                                                                                                                                     
  21    724                                                                                                                                                                                                                                                     
  22    727                                                                                                                                                                                                                                                     
  23    729                                                                                                                                                                                                                                                     
  24    732                                                                                                                                                                                                                                                     
  25    734                                                                                                                                                                                                                                                     
  26    736                                                                                                                                                                                                                                                     
  27    738                                                                                                                                                                                                                                                     
  28    741                                                                                                                                                                                                                                                     
  29    743                                                                                                                                                                                                                                                     
  30    745                                                                                                                                                                                                                                                     
  31    747                                                                                                                                                                                                                                                     
  32    749                                                                                                                                                                                                                                                     
  33    751                                                                                                                                                                                                                                                     
  34    754                                                                                                                                                                                                                                                     
  35    756                                                                                                                                                                                                                                                     
  36    758                                                                                                                                                                                                                                                     
  37    760                                                                                                                                                                                                                                                     
  38    762                                                                                                                                                                                                                                                     
  39    765                                                                                                                                                                                                                                                     
  40    767                                                                                                                                                                                                                                                     
  41    770                                                                                                                                                                                                                                                     
  42    772                                                                                                                                                                                                                                                     
  43    775                                                                                                                                                                                                                                                     
  44    778                                                                                                                                                                                                                                                     
  45    781                                                                                                                                                                                                                                                     
  46    785                                                                                                                                                                                                                                                     
  47    789                                                                                                                                                                                                                                                     
  48    794                                                                                                                                                                                                                                                     
  49    800                                                                                                                                                                                                                                                     
  50    807                                                                                                                                                                                                                                                     
  51    816                                                                                                                                                                                                                                                     
  52    831                                                                                                                                                                                                                                                     
  53    857                                                                                                                                                                                                                                                     
  54    915                                                                                                                                                                                                                                                     
