NCR SS  TN GSTDZALL Final Content:MA Level:21 Form:G Other:SV (18SEP07)                                                                                                                                                                                         
   0    560                                                                                                                                                                                                                                                     
   1    560                                                                                                                                                                                                                                                     
   2    560                                                                                                                                                                                                                                                     
   3    560                                                                                                                                                                                                                                                     
   4    560                                                                                                                                                                                                                                                     
   5    560                                                                                                                                                                                                                                                     
   6    662                                                                                                                                                                                                                                                     
   7    682                                                                                                                                                                                                                                                     
   8    694                                                                                                                                                                                                                                                     
   9    703                                                                                                                                                                                                                                                     
  10    711                                                                                                                                                                                                                                                     
  11    717                                                                                                                                                                                                                                                     
  12    724                                                                                                                                                                                                                                                     
  13    729                                                                                                                                                                                                                                                     
  14    735                                                                                                                                                                                                                                                     
  15    740                                                                                                                                                                                                                                                     
  16    746                                                                                                                                                                                                                                                     
  17    751                                                                                                                                                                                                                                                     
  18    756                                                                                                                                                                                                                                                     
  19    762                                                                                                                                                                                                                                                     
  20    767                                                                                                                                                                                                                                                     
  21    773                                                                                                                                                                                                                                                     
  22    781                                                                                                                                                                                                                                                     
  23    791                                                                                                                                                                                                                                                     
  24    807                                                                                                                                                                                                                                                     
  25    915                                                                                                                                                                                                                                                     
