NCR SS  TN GSTDZALL Final Content:MA Level:11 Form:G Other:CB (18SEP07)                                                                                                                                                                                         
   0    324                                                                                                                                                                                                                                                     
   1    324                                                                                                                                                                                                                                                     
   2    324                                                                                                                                                                                                                                                     
   3    324                                                                                                                                                                                                                                                     
   4    324                                                                                                                                                                                                                                                     
   5    324                                                                                                                                                                                                                                                     
   6    324                                                                                                                                                                                                                                                     
   7    324                                                                                                                                                                                                                                                     
   8    324                                                                                                                                                                                                                                                     
   9    324                                                                                                                                                                                                                                                     
  10    367                                                                                                                                                                                                                                                     
  11    390                                                                                                                                                                                                                                                     
  12    404                                                                                                                                                                                                                                                     
  13    416                                                                                                                                                                                                                                                     
  14    425                                                                                                                                                                                                                                                     
  15    432                                                                                                                                                                                                                                                     
  16    439                                                                                                                                                                                                                                                     
  17    445                                                                                                                                                                                                                                                     
  18    451                                                                                                                                                                                                                                                     
  19    456                                                                                                                                                                                                                                                     
  20    461                                                                                                                                                                                                                                                     
  21    466                                                                                                                                                                                                                                                     
  22    471                                                                                                                                                                                                                                                     
  23    475                                                                                                                                                                                                                                                     
  24    479                                                                                                                                                                                                                                                     
  25    484                                                                                                                                                                                                                                                     
  26    488                                                                                                                                                                                                                                                     
  27    492                                                                                                                                                                                                                                                     
  28    496                                                                                                                                                                                                                                                     
  29    500                                                                                                                                                                                                                                                     
  30    504                                                                                                                                                                                                                                                     
  31    508                                                                                                                                                                                                                                                     
  32    513                                                                                                                                                                                                                                                     
  33    517                                                                                                                                                                                                                                                     
  34    521                                                                                                                                                                                                                                                     
  35    526                                                                                                                                                                                                                                                     
  36    530                                                                                                                                                                                                                                                     
  37    535                                                                                                                                                                                                                                                     
  38    539                                                                                                                                                                                                                                                     
  39    544                                                                                                                                                                                                                                                     
  40    550                                                                                                                                                                                                                                                     
  41    555                                                                                                                                                                                                                                                     
  42    562                                                                                                                                                                                                                                                     
  43    570                                                                                                                                                                                                                                                     
  44    580                                                                                                                                                                                                                                                     
  45    595                                                                                                                                                                                                                                                     
  46    623                                                                                                                                                                                                                                                     
  47    680                                                                                                                                                                                                                                                     
