NCR SS  TN GSTDZALL Final Content:MA Level:19 Form:G Other:SV (18SEP07)                                                                                                                                                                                         
   0    513                                                                                                                                                                                                                                                     
   1    513                                                                                                                                                                                                                                                     
   2    513                                                                                                                                                                                                                                                     
   3    513                                                                                                                                                                                                                                                     
   4    513                                                                                                                                                                                                                                                     
   5    590                                                                                                                                                                                                                                                     
   6    634                                                                                                                                                                                                                                                     
   7    653                                                                                                                                                                                                                                                     
   8    666                                                                                                                                                                                                                                                     
   9    676                                                                                                                                                                                                                                                     
  10    685                                                                                                                                                                                                                                                     
  11    693                                                                                                                                                                                                                                                     
  12    700                                                                                                                                                                                                                                                     
  13    707                                                                                                                                                                                                                                                     
  14    714                                                                                                                                                                                                                                                     
  15    721                                                                                                                                                                                                                                                     
  16    728                                                                                                                                                                                                                                                     
  17    735                                                                                                                                                                                                                                                     
  18    743                                                                                                                                                                                                                                                     
  19    750                                                                                                                                                                                                                                                     
  20    759                                                                                                                                                                                                                                                     
  21    768                                                                                                                                                                                                                                                     
  22    779                                                                                                                                                                                                                                                     
  23    794                                                                                                                                                                                                                                                     
  24    822                                                                                                                                                                                                                                                     
  25    877                                                                                                                                                                                                                                                     
