NCR SS  TN GSTDZALL Final Content:RD Level:11 Form:G Other:MA (12DEC07)                                                                                                                                                                                         
   0    407                                                                                                                                                                                                                                                     
   1    407                                                                                                                                                                                                                                                     
   2    407                                                                                                                                                                                                                                                     
   3    407                                                                                                                                                                                                                                                     
   4    407                                                                                                                                                                                                                                                     
   5    407                                                                                                                                                                                                                                                     
   6    407                                                                                                                                                                                                                                                     
   7    407                                                                                                                                                                                                                                                     
   8    407                                                                                                                                                                                                                                                     
   9    407                                                                                                                                                                                                                                                     
  10    407                                                                                                                                                                                                                                                     
  11    407                                                                                                                                                                                                                                                     
  12    407                                                                                                                                                                                                                                                     
  13    407                                                                                                                                                                                                                                                     
  14    412                                                                                                                                                                                                                                                     
  15    431                                                                                                                                                                                                                                                     
  16    445                                                                                                                                                                                                                                                     
  17    455                                                                                                                                                                                                                                                     
  18    464                                                                                                                                                                                                                                                     
  19    472                                                                                                                                                                                                                                                     
  20    479                                                                                                                                                                                                                                                     
  21    486                                                                                                                                                                                                                                                     
  22    492                                                                                                                                                                                                                                                     
  23    498                                                                                                                                                                                                                                                     
  24    504                                                                                                                                                                                                                                                     
  25    509                                                                                                                                                                                                                                                     
  26    514                                                                                                                                                                                                                                                     
  27    520                                                                                                                                                                                                                                                     
  28    524                                                                                                                                                                                                                                                     
  29    529                                                                                                                                                                                                                                                     
  30    534                                                                                                                                                                                                                                                     
  31    538                                                                                                                                                                                                                                                     
  32    543                                                                                                                                                                                                                                                     
  33    547                                                                                                                                                                                                                                                     
  34    551                                                                                                                                                                                                                                                     
  35    556                                                                                                                                                                                                                                                     
  36    560                                                                                                                                                                                                                                                     
  37    564                                                                                                                                                                                                                                                     
  38    569                                                                                                                                                                                                                                                     
  39    574                                                                                                                                                                                                                                                     
  40    579                                                                                                                                                                                                                                                     
  41    584                                                                                                                                                                                                                                                     
  42    589                                                                                                                                                                                                                                                     
  43    595                                                                                                                                                                                                                                                     
  44    602                                                                                                                                                                                                                                                     
  45    609                                                                                                                                                                                                                                                     
  46    619                                                                                                                                                                                                                                                     
  47    630                                                                                                                                                                                                                                                     
  48    647                                                                                                                                                                                                                                                     
  49    677                                                                                                                                                                                                                                                     
  50    701                                                                                                                                                                                                                                                     
