NCR SS  TN GSTDZALL Final Content:RD Level:19 Form:G Other:MA (12DEC07)                                                                                                                                                                                         
   0    512                                                                                                                                                                                                                                                     
   1    512                                                                                                                                                                                                                                                     
   2    512                                                                                                                                                                                                                                                     
   3    512                                                                                                                                                                                                                                                     
   4    512                                                                                                                                                                                                                                                     
   5    512                                                                                                                                                                                                                                                     
   6    512                                                                                                                                                                                                                                                     
   7    531                                                                                                                                                                                                                                                     
   8    575                                                                                                                                                                                                                                                     
   9    596                                                                                                                                                                                                                                                     
  10    610                                                                                                                                                                                                                                                     
  11    620                                                                                                                                                                                                                                                     
  12    628                                                                                                                                                                                                                                                     
  13    635                                                                                                                                                                                                                                                     
  14    640                                                                                                                                                                                                                                                     
  15    646                                                                                                                                                                                                                                                     
  16    651                                                                                                                                                                                                                                                     
  17    655                                                                                                                                                                                                                                                     
  18    659                                                                                                                                                                                                                                                     
  19    663                                                                                                                                                                                                                                                     
  20    667                                                                                                                                                                                                                                                     
  21    671                                                                                                                                                                                                                                                     
  22    674                                                                                                                                                                                                                                                     
  23    678                                                                                                                                                                                                                                                     
  24    681                                                                                                                                                                                                                                                     
  25    685                                                                                                                                                                                                                                                     
  26    689                                                                                                                                                                                                                                                     
  27    692                                                                                                                                                                                                                                                     
  28    696                                                                                                                                                                                                                                                     
  29    700                                                                                                                                                                                                                                                     
  30    704                                                                                                                                                                                                                                                     
  31    708                                                                                                                                                                                                                                                     
  32    712                                                                                                                                                                                                                                                     
  33    716                                                                                                                                                                                                                                                     
  34    720                                                                                                                                                                                                                                                     
  35    725                                                                                                                                                                                                                                                     
  36    730                                                                                                                                                                                                                                                     
  37    735                                                                                                                                                                                                                                                     
  38    741                                                                                                                                                                                                                                                     
  39    747                                                                                                                                                                                                                                                     
  40    753                                                                                                                                                                                                                                                     
  41    761                                                                                                                                                                                                                                                     
  42    770                                                                                                                                                                                                                                                     
  43    780                                                                                                                                                                                                                                                     
  44    794                                                                                                                                                                                                                                                     
  45    813                                                                                                                                                                                                                                                     
  46    833                                                                                                                                                                                                                                                     
  47    833                                                                                                                                                                                                                                                     
