NCR SS  TN GSTDZALL Final Content:RD Level:12 Form:G Other:CB (12DEC07)                                                                                                                                                                                         
   0    423                                                                                                                                                                                                                                                     
   1    423                                                                                                                                                                                                                                                     
   2    423                                                                                                                                                                                                                                                     
   3    423                                                                                                                                                                                                                                                     
   4    423                                                                                                                                                                                                                                                     
   5    423                                                                                                                                                                                                                                                     
   6    423                                                                                                                                                                                                                                                     
   7    423                                                                                                                                                                                                                                                     
   8    423                                                                                                                                                                                                                                                     
   9    423                                                                                                                                                                                                                                                     
  10    423                                                                                                                                                                                                                                                     
  11    423                                                                                                                                                                                                                                                     
  12    423                                                                                                                                                                                                                                                     
  13    444                                                                                                                                                                                                                                                     
  14    470                                                                                                                                                                                                                                                     
  15    484                                                                                                                                                                                                                                                     
  16    495                                                                                                                                                                                                                                                     
  17    504                                                                                                                                                                                                                                                     
  18    511                                                                                                                                                                                                                                                     
  19    517                                                                                                                                                                                                                                                     
  20    523                                                                                                                                                                                                                                                     
  21    528                                                                                                                                                                                                                                                     
  22    532                                                                                                                                                                                                                                                     
  23    537                                                                                                                                                                                                                                                     
  24    540                                                                                                                                                                                                                                                     
  25    544                                                                                                                                                                                                                                                     
  26    548                                                                                                                                                                                                                                                     
  27    551                                                                                                                                                                                                                                                     
  28    555                                                                                                                                                                                                                                                     
  29    558                                                                                                                                                                                                                                                     
  30    561                                                                                                                                                                                                                                                     
  31    564                                                                                                                                                                                                                                                     
  32    568                                                                                                                                                                                                                                                     
  33    571                                                                                                                                                                                                                                                     
  34    574                                                                                                                                                                                                                                                     
  35    578                                                                                                                                                                                                                                                     
  36    581                                                                                                                                                                                                                                                     
  37    585                                                                                                                                                                                                                                                     
  38    588                                                                                                                                                                                                                                                     
  39    592                                                                                                                                                                                                                                                     
  40    596                                                                                                                                                                                                                                                     
  41    600                                                                                                                                                                                                                                                     
  42    604                                                                                                                                                                                                                                                     
  43    609                                                                                                                                                                                                                                                     
  44    614                                                                                                                                                                                                                                                     
  45    620                                                                                                                                                                                                                                                     
  46    626                                                                                                                                                                                                                                                     
  47    633                                                                                                                                                                                                                                                     
  48    641                                                                                                                                                                                                                                                     
  49    651                                                                                                                                                                                                                                                     
  50    665                                                                                                                                                                                                                                                     
  51    686                                                                                                                                                                                                                                                     
  52    722                                                                                                                                                                                                                                                     
