NCR SS  TN GSTDZALL Final Content:RD Level:18 Form:G Other:CB (12DEC07)                                                                                                                                                                                         
   0    507                                                                                                                                                                                                                                                     
   1    507                                                                                                                                                                                                                                                     
   2    507                                                                                                                                                                                                                                                     
   3    507                                                                                                                                                                                                                                                     
   4    507                                                                                                                                                                                                                                                     
   5    507                                                                                                                                                                                                                                                     
   6    507                                                                                                                                                                                                                                                     
   7    507                                                                                                                                                                                                                                                     
   8    507                                                                                                                                                                                                                                                     
   9    544                                                                                                                                                                                                                                                     
  10    584                                                                                                                                                                                                                                                     
  11    599                                                                                                                                                                                                                                                     
  12    609                                                                                                                                                                                                                                                     
  13    617                                                                                                                                                                                                                                                     
  14    622                                                                                                                                                                                                                                                     
  15    627                                                                                                                                                                                                                                                     
  16    632                                                                                                                                                                                                                                                     
  17    636                                                                                                                                                                                                                                                     
  18    640                                                                                                                                                                                                                                                     
  19    643                                                                                                                                                                                                                                                     
  20    647                                                                                                                                                                                                                                                     
  21    650                                                                                                                                                                                                                                                     
  22    653                                                                                                                                                                                                                                                     
  23    657                                                                                                                                                                                                                                                     
  24    660                                                                                                                                                                                                                                                     
  25    663                                                                                                                                                                                                                                                     
  26    666                                                                                                                                                                                                                                                     
  27    669                                                                                                                                                                                                                                                     
  28    672                                                                                                                                                                                                                                                     
  29    676                                                                                                                                                                                                                                                     
  30    679                                                                                                                                                                                                                                                     
  31    682                                                                                                                                                                                                                                                     
  32    686                                                                                                                                                                                                                                                     
  33    690                                                                                                                                                                                                                                                     
  34    694                                                                                                                                                                                                                                                     
  35    698                                                                                                                                                                                                                                                     
  36    702                                                                                                                                                                                                                                                     
  37    707                                                                                                                                                                                                                                                     
  38    713                                                                                                                                                                                                                                                     
  39    719                                                                                                                                                                                                                                                     
  40    725                                                                                                                                                                                                                                                     
  41    733                                                                                                                                                                                                                                                     
  42    743                                                                                                                                                                                                                                                     
  43    755                                                                                                                                                                                                                                                     
  44    774                                                                                                                                                                                                                                                     
  45    807                                                                                                                                                                                                                                                     
  46    820                                                                                                                                                                                                                                                     
