NCR SS  TN GSTDZALL Final Content:RD Level:16 Form:G Other:CB (12DEC07)                                                                                                                                                                                         
   0    486                                                                                                                                                                                                                                                     
   1    486                                                                                                                                                                                                                                                     
   2    486                                                                                                                                                                                                                                                     
   3    486                                                                                                                                                                                                                                                     
   4    486                                                                                                                                                                                                                                                     
   5    486                                                                                                                                                                                                                                                     
   6    486                                                                                                                                                                                                                                                     
   7    486                                                                                                                                                                                                                                                     
   8    486                                                                                                                                                                                                                                                     
   9    492                                                                                                                                                                                                                                                     
  10    565                                                                                                                                                                                                                                                     
  11    583                                                                                                                                                                                                                                                     
  12    593                                                                                                                                                                                                                                                     
  13    600                                                                                                                                                                                                                                                     
  14    606                                                                                                                                                                                                                                                     
  15    612                                                                                                                                                                                                                                                     
  16    616                                                                                                                                                                                                                                                     
  17    621                                                                                                                                                                                                                                                     
  18    625                                                                                                                                                                                                                                                     
  19    628                                                                                                                                                                                                                                                     
  20    632                                                                                                                                                                                                                                                     
  21    636                                                                                                                                                                                                                                                     
  22    639                                                                                                                                                                                                                                                     
  23    642                                                                                                                                                                                                                                                     
  24    646                                                                                                                                                                                                                                                     
  25    649                                                                                                                                                                                                                                                     
  26    652                                                                                                                                                                                                                                                     
  27    655                                                                                                                                                                                                                                                     
  28    658                                                                                                                                                                                                                                                     
  29    661                                                                                                                                                                                                                                                     
  30    664                                                                                                                                                                                                                                                     
  31    668                                                                                                                                                                                                                                                     
  32    671                                                                                                                                                                                                                                                     
  33    674                                                                                                                                                                                                                                                     
  34    678                                                                                                                                                                                                                                                     
  35    681                                                                                                                                                                                                                                                     
  36    685                                                                                                                                                                                                                                                     
  37    689                                                                                                                                                                                                                                                     
  38    694                                                                                                                                                                                                                                                     
  39    699                                                                                                                                                                                                                                                     
  40    705                                                                                                                                                                                                                                                     
  41    711                                                                                                                                                                                                                                                     
  42    719                                                                                                                                                                                                                                                     
  43    729                                                                                                                                                                                                                                                     
  44    742                                                                                                                                                                                                                                                     
  45    764                                                                                                                                                                                                                                                     
  46    800                                                                                                                                                                                                                                                     
