NCR SS  TN GSTDZALL Final Content:RD Level:15 Form:G Other:MA (12DEC07)                                                                                                                                                                                         
   0    475                                                                                                                                                                                                                                                     
   1    475                                                                                                                                                                                                                                                     
   2    475                                                                                                                                                                                                                                                     
   3    475                                                                                                                                                                                                                                                     
   4    475                                                                                                                                                                                                                                                     
   5    475                                                                                                                                                                                                                                                     
   6    475                                                                                                                                                                                                                                                     
   7    538                                                                                                                                                                                                                                                     
   8    561                                                                                                                                                                                                                                                     
   9    575                                                                                                                                                                                                                                                     
  10    585                                                                                                                                                                                                                                                     
  11    593                                                                                                                                                                                                                                                     
  12    599                                                                                                                                                                                                                                                     
  13    605                                                                                                                                                                                                                                                     
  14    610                                                                                                                                                                                                                                                     
  15    614                                                                                                                                                                                                                                                     
  16    618                                                                                                                                                                                                                                                     
  17    622                                                                                                                                                                                                                                                     
  18    626                                                                                                                                                                                                                                                     
  19    629                                                                                                                                                                                                                                                     
  20    632                                                                                                                                                                                                                                                     
  21    636                                                                                                                                                                                                                                                     
  22    639                                                                                                                                                                                                                                                     
  23    642                                                                                                                                                                                                                                                     
  24    645                                                                                                                                                                                                                                                     
  25    648                                                                                                                                                                                                                                                     
  26    651                                                                                                                                                                                                                                                     
  27    655                                                                                                                                                                                                                                                     
  28    658                                                                                                                                                                                                                                                     
  29    661                                                                                                                                                                                                                                                     
  30    664                                                                                                                                                                                                                                                     
  31    668                                                                                                                                                                                                                                                     
  32    671                                                                                                                                                                                                                                                     
  33    675                                                                                                                                                                                                                                                     
  34    679                                                                                                                                                                                                                                                     
  35    683                                                                                                                                                                                                                                                     
  36    687                                                                                                                                                                                                                                                     
  37    691                                                                                                                                                                                                                                                     
  38    696                                                                                                                                                                                                                                                     
  39    701                                                                                                                                                                                                                                                     
  40    706                                                                                                                                                                                                                                                     
  41    712                                                                                                                                                                                                                                                     
  42    719                                                                                                                                                                                                                                                     
  43    728                                                                                                                                                                                                                                                     
  44    738                                                                                                                                                                                                                                                     
  45    750                                                                                                                                                                                                                                                     
  46    768                                                                                                                                                                                                                                                     
  47    790                                                                                                                                                                                                                                                     
  48    790                                                                                                                                                                                                                                                     
