NCR SS  TN GSTDZALL Final Content:RD Level:13 Form:G Other:CB (12DEC07)                                                                                                                                                                                         
   0    427                                                                                                                                                                                                                                                     
   1    427                                                                                                                                                                                                                                                     
   2    427                                                                                                                                                                                                                                                     
   3    427                                                                                                                                                                                                                                                     
   4    427                                                                                                                                                                                                                                                     
   5    427                                                                                                                                                                                                                                                     
   6    427                                                                                                                                                                                                                                                     
   7    427                                                                                                                                                                                                                                                     
   8    427                                                                                                                                                                                                                                                     
   9    518                                                                                                                                                                                                                                                     
  10    538                                                                                                                                                                                                                                                     
  11    549                                                                                                                                                                                                                                                     
  12    557                                                                                                                                                                                                                                                     
  13    564                                                                                                                                                                                                                                                     
  14    570                                                                                                                                                                                                                                                     
  15    575                                                                                                                                                                                                                                                     
  16    579                                                                                                                                                                                                                                                     
  17    583                                                                                                                                                                                                                                                     
  18    587                                                                                                                                                                                                                                                     
  19    591                                                                                                                                                                                                                                                     
  20    594                                                                                                                                                                                                                                                     
  21    597                                                                                                                                                                                                                                                     
  22    601                                                                                                                                                                                                                                                     
  23    604                                                                                                                                                                                                                                                     
  24    607                                                                                                                                                                                                                                                     
  25    610                                                                                                                                                                                                                                                     
  26    614                                                                                                                                                                                                                                                     
  27    617                                                                                                                                                                                                                                                     
  28    620                                                                                                                                                                                                                                                     
  29    623                                                                                                                                                                                                                                                     
  30    627                                                                                                                                                                                                                                                     
  31    630                                                                                                                                                                                                                                                     
  32    634                                                                                                                                                                                                                                                     
  33    638                                                                                                                                                                                                                                                     
  34    642                                                                                                                                                                                                                                                     
  35    647                                                                                                                                                                                                                                                     
  36    652                                                                                                                                                                                                                                                     
  37    658                                                                                                                                                                                                                                                     
  38    665                                                                                                                                                                                                                                                     
  39    674                                                                                                                                                                                                                                                     
  40    686                                                                                                                                                                                                                                                     
  41    708                                                                                                                                                                                                                                                     
  42    750                                                                                                                                                                                                                                                     
