NCR SS  TN GSTDZALL Final Content:RD Level:14 Form:G Other:CB (12DEC07)                                                                                                                                                                                         
   0    433                                                                                                                                                                                                                                                     
   1    433                                                                                                                                                                                                                                                     
   2    433                                                                                                                                                                                                                                                     
   3    433                                                                                                                                                                                                                                                     
   4    433                                                                                                                                                                                                                                                     
   5    433                                                                                                                                                                                                                                                     
   6    433                                                                                                                                                                                                                                                     
   7    433                                                                                                                                                                                                                                                     
   8    433                                                                                                                                                                                                                                                     
   9    520                                                                                                                                                                                                                                                     
  10    545                                                                                                                                                                                                                                                     
  11    557                                                                                                                                                                                                                                                     
  12    565                                                                                                                                                                                                                                                     
  13    572                                                                                                                                                                                                                                                     
  14    577                                                                                                                                                                                                                                                     
  15    582                                                                                                                                                                                                                                                     
  16    586                                                                                                                                                                                                                                                     
  17    590                                                                                                                                                                                                                                                     
  18    594                                                                                                                                                                                                                                                     
  19    598                                                                                                                                                                                                                                                     
  20    601                                                                                                                                                                                                                                                     
  21    604                                                                                                                                                                                                                                                     
  22    607                                                                                                                                                                                                                                                     
  23    610                                                                                                                                                                                                                                                     
  24    613                                                                                                                                                                                                                                                     
  25    615                                                                                                                                                                                                                                                     
  26    618                                                                                                                                                                                                                                                     
  27    621                                                                                                                                                                                                                                                     
  28    623                                                                                                                                                                                                                                                     
  29    626                                                                                                                                                                                                                                                     
  30    629                                                                                                                                                                                                                                                     
  31    632                                                                                                                                                                                                                                                     
  32    635                                                                                                                                                                                                                                                     
  33    638                                                                                                                                                                                                                                                     
  34    641                                                                                                                                                                                                                                                     
  35    645                                                                                                                                                                                                                                                     
  36    649                                                                                                                                                                                                                                                     
  37    653                                                                                                                                                                                                                                                     
  38    657                                                                                                                                                                                                                                                     
  39    662                                                                                                                                                                                                                                                     
  40    668                                                                                                                                                                                                                                                     
  41    674                                                                                                                                                                                                                                                     
  42    681                                                                                                                                                                                                                                                     
  43    691                                                                                                                                                                                                                                                     
  44    704                                                                                                                                                                                                                                                     
  45    728                                                                                                                                                                                                                                                     
  46    780                                                                                                                                                                                                                                                     
