NCR SS  TN GSTDZALL Final Content:RD Level:12 Form:G Other:MA (12DEC07)                                                                                                                                                                                         
   0    423                                                                                                                                                                                                                                                     
   1    423                                                                                                                                                                                                                                                     
   2    423                                                                                                                                                                                                                                                     
   3    423                                                                                                                                                                                                                                                     
   4    423                                                                                                                                                                                                                                                     
   5    423                                                                                                                                                                                                                                                     
   6    423                                                                                                                                                                                                                                                     
   7    423                                                                                                                                                                                                                                                     
   8    423                                                                                                                                                                                                                                                     
   9    423                                                                                                                                                                                                                                                     
  10    423                                                                                                                                                                                                                                                     
  11    435                                                                                                                                                                                                                                                     
  12    452                                                                                                                                                                                                                                                     
  13    464                                                                                                                                                                                                                                                     
  14    473                                                                                                                                                                                                                                                     
  15    481                                                                                                                                                                                                                                                     
  16    487                                                                                                                                                                                                                                                     
  17    493                                                                                                                                                                                                                                                     
  18    498                                                                                                                                                                                                                                                     
  19    503                                                                                                                                                                                                                                                     
  20    508                                                                                                                                                                                                                                                     
  21    512                                                                                                                                                                                                                                                     
  22    516                                                                                                                                                                                                                                                     
  23    520                                                                                                                                                                                                                                                     
  24    524                                                                                                                                                                                                                                                     
  25    528                                                                                                                                                                                                                                                     
  26    531                                                                                                                                                                                                                                                     
  27    535                                                                                                                                                                                                                                                     
  28    538                                                                                                                                                                                                                                                     
  29    541                                                                                                                                                                                                                                                     
  30    544                                                                                                                                                                                                                                                     
  31    547                                                                                                                                                                                                                                                     
  32    551                                                                                                                                                                                                                                                     
  33    554                                                                                                                                                                                                                                                     
  34    557                                                                                                                                                                                                                                                     
  35    560                                                                                                                                                                                                                                                     
  36    563                                                                                                                                                                                                                                                     
  37    566                                                                                                                                                                                                                                                     
  38    570                                                                                                                                                                                                                                                     
  39    573                                                                                                                                                                                                                                                     
  40    576                                                                                                                                                                                                                                                     
  41    579                                                                                                                                                                                                                                                     
  42    583                                                                                                                                                                                                                                                     
  43    586                                                                                                                                                                                                                                                     
  44    590                                                                                                                                                                                                                                                     
  45    594                                                                                                                                                                                                                                                     
  46    597                                                                                                                                                                                                                                                     
  47    601                                                                                                                                                                                                                                                     
  48    606                                                                                                                                                                                                                                                     
  49    610                                                                                                                                                                                                                                                     
  50    615                                                                                                                                                                                                                                                     
  51    620                                                                                                                                                                                                                                                     
  52    625                                                                                                                                                                                                                                                     
  53    631                                                                                                                                                                                                                                                     
  54    637                                                                                                                                                                                                                                                     
  55    645                                                                                                                                                                                                                                                     
  56    654                                                                                                                                                                                                                                                     
  57    664                                                                                                                                                                                                                                                     
  58    679                                                                                                                                                                                                                                                     
  59    704                                                                                                                                                                                                                                                     
  60    722                                                                                                                                                                                                                                                     
