NCR SS  TN GSTDZALL Final Content:RD Level:18 Form:G Other:SV (12DEC07)                                                                                                                                                                                         
   0    507                                                                                                                                                                                                                                                     
   1    507                                                                                                                                                                                                                                                     
   2    507                                                                                                                                                                                                                                                     
   3    507                                                                                                                                                                                                                                                     
   4    507                                                                                                                                                                                                                                                     
   5    507                                                                                                                                                                                                                                                     
   6    507                                                                                                                                                                                                                                                     
   7    574                                                                                                                                                                                                                                                     
   8    600                                                                                                                                                                                                                                                     
   9    614                                                                                                                                                                                                                                                     
  10    624                                                                                                                                                                                                                                                     
  11    631                                                                                                                                                                                                                                                     
  12    638                                                                                                                                                                                                                                                     
  13    644                                                                                                                                                                                                                                                     
  14    649                                                                                                                                                                                                                                                     
  15    655                                                                                                                                                                                                                                                     
  16    660                                                                                                                                                                                                                                                     
  17    664                                                                                                                                                                                                                                                     
  18    669                                                                                                                                                                                                                                                     
  19    674                                                                                                                                                                                                                                                     
  20    679                                                                                                                                                                                                                                                     
  21    684                                                                                                                                                                                                                                                     
  22    689                                                                                                                                                                                                                                                     
  23    694                                                                                                                                                                                                                                                     
  24    699                                                                                                                                                                                                                                                     
  25    705                                                                                                                                                                                                                                                     
  26    712                                                                                                                                                                                                                                                     
  27    719                                                                                                                                                                                                                                                     
  28    727                                                                                                                                                                                                                                                     
  29    737                                                                                                                                                                                                                                                     
  30    751                                                                                                                                                                                                                                                     
  31    769                                                                                                                                                                                                                                                     
  32    804                                                                                                                                                                                                                                                     
  33    820                                                                                                                                                                                                                                                     
