NCR SS  TN GSTDZALL Final Content:RD Level:14 Form:G Other:SV (12DEC07)                                                                                                                                                                                         
   0    433                                                                                                                                                                                                                                                     
   1    433                                                                                                                                                                                                                                                     
   2    433                                                                                                                                                                                                                                                     
   3    433                                                                                                                                                                                                                                                     
   4    433                                                                                                                                                                                                                                                     
   5    433                                                                                                                                                                                                                                                     
   6    487                                                                                                                                                                                                                                                     
   7    544                                                                                                                                                                                                                                                     
   8    559                                                                                                                                                                                                                                                     
   9    569                                                                                                                                                                                                                                                     
  10    576                                                                                                                                                                                                                                                     
  11    583                                                                                                                                                                                                                                                     
  12    588                                                                                                                                                                                                                                                     
  13    593                                                                                                                                                                                                                                                     
  14    598                                                                                                                                                                                                                                                     
  15    602                                                                                                                                                                                                                                                     
  16    606                                                                                                                                                                                                                                                     
  17    610                                                                                                                                                                                                                                                     
  18    614                                                                                                                                                                                                                                                     
  19    617                                                                                                                                                                                                                                                     
  20    621                                                                                                                                                                                                                                                     
  21    625                                                                                                                                                                                                                                                     
  22    628                                                                                                                                                                                                                                                     
  23    632                                                                                                                                                                                                                                                     
  24    637                                                                                                                                                                                                                                                     
  25    641                                                                                                                                                                                                                                                     
  26    647                                                                                                                                                                                                                                                     
  27    652                                                                                                                                                                                                                                                     
  28    659                                                                                                                                                                                                                                                     
  29    667                                                                                                                                                                                                                                                     
  30    676                                                                                                                                                                                                                                                     
  31    688                                                                                                                                                                                                                                                     
  32    711                                                                                                                                                                                                                                                     
  33    780                                                                                                                                                                                                                                                     
