NCR SS  TN GSTDZALL Final Content:RD Level:17 Form:G Other:CB (12DEC07)                                                                                                                                                                                         
   0    498                                                                                                                                                                                                                                                     
   1    498                                                                                                                                                                                                                                                     
   2    498                                                                                                                                                                                                                                                     
   3    498                                                                                                                                                                                                                                                     
   4    498                                                                                                                                                                                                                                                     
   5    498                                                                                                                                                                                                                                                     
   6    498                                                                                                                                                                                                                                                     
   7    498                                                                                                                                                                                                                                                     
   8    498                                                                                                                                                                                                                                                     
   9    530                                                                                                                                                                                                                                                     
  10    574                                                                                                                                                                                                                                                     
  11    590                                                                                                                                                                                                                                                     
  12    600                                                                                                                                                                                                                                                     
  13    608                                                                                                                                                                                                                                                     
  14    614                                                                                                                                                                                                                                                     
  15    619                                                                                                                                                                                                                                                     
  16    624                                                                                                                                                                                                                                                     
  17    629                                                                                                                                                                                                                                                     
  18    633                                                                                                                                                                                                                                                     
  19    637                                                                                                                                                                                                                                                     
  20    641                                                                                                                                                                                                                                                     
  21    645                                                                                                                                                                                                                                                     
  22    648                                                                                                                                                                                                                                                     
  23    652                                                                                                                                                                                                                                                     
  24    655                                                                                                                                                                                                                                                     
  25    658                                                                                                                                                                                                                                                     
  26    662                                                                                                                                                                                                                                                     
  27    665                                                                                                                                                                                                                                                     
  28    668                                                                                                                                                                                                                                                     
  29    672                                                                                                                                                                                                                                                     
  30    675                                                                                                                                                                                                                                                     
  31    678                                                                                                                                                                                                                                                     
  32    682                                                                                                                                                                                                                                                     
  33    685                                                                                                                                                                                                                                                     
  34    689                                                                                                                                                                                                                                                     
  35    692                                                                                                                                                                                                                                                     
  36    696                                                                                                                                                                                                                                                     
  37    700                                                                                                                                                                                                                                                     
  38    704                                                                                                                                                                                                                                                     
  39    708                                                                                                                                                                                                                                                     
  40    713                                                                                                                                                                                                                                                     
  41    718                                                                                                                                                                                                                                                     
  42    725                                                                                                                                                                                                                                                     
  43    734                                                                                                                                                                                                                                                     
  44    748                                                                                                                                                                                                                                                     
  45    777                                                                                                                                                                                                                                                     
  46    810                                                                                                                                                                                                                                                     
