NCR SS  TN GSTDZALL Final Content:RD Level:18 Form:G Other:MA (12DEC07)                                                                                                                                                                                         
   0    507                                                                                                                                                                                                                                                     
   1    507                                                                                                                                                                                                                                                     
   2    507                                                                                                                                                                                                                                                     
   3    507                                                                                                                                                                                                                                                     
   4    507                                                                                                                                                                                                                                                     
   5    507                                                                                                                                                                                                                                                     
   6    507                                                                                                                                                                                                                                                     
   7    537                                                                                                                                                                                                                                                     
   8    570                                                                                                                                                                                                                                                     
   9    587                                                                                                                                                                                                                                                     
  10    599                                                                                                                                                                                                                                                     
  11    608                                                                                                                                                                                                                                                     
  12    615                                                                                                                                                                                                                                                     
  13    621                                                                                                                                                                                                                                                     
  14    627                                                                                                                                                                                                                                                     
  15    631                                                                                                                                                                                                                                                     
  16    636                                                                                                                                                                                                                                                     
  17    640                                                                                                                                                                                                                                                     
  18    643                                                                                                                                                                                                                                                     
  19    647                                                                                                                                                                                                                                                     
  20    651                                                                                                                                                                                                                                                     
  21    654                                                                                                                                                                                                                                                     
  22    657                                                                                                                                                                                                                                                     
  23    660                                                                                                                                                                                                                                                     
  24    663                                                                                                                                                                                                                                                     
  25    666                                                                                                                                                                                                                                                     
  26    669                                                                                                                                                                                                                                                     
  27    672                                                                                                                                                                                                                                                     
  28    675                                                                                                                                                                                                                                                     
  29    678                                                                                                                                                                                                                                                     
  30    681                                                                                                                                                                                                                                                     
  31    684                                                                                                                                                                                                                                                     
  32    688                                                                                                                                                                                                                                                     
  33    691                                                                                                                                                                                                                                                     
  34    694                                                                                                                                                                                                                                                     
  35    697                                                                                                                                                                                                                                                     
  36    701                                                                                                                                                                                                                                                     
  37    704                                                                                                                                                                                                                                                     
  38    708                                                                                                                                                                                                                                                     
  39    712                                                                                                                                                                                                                                                     
  40    717                                                                                                                                                                                                                                                     
  41    721                                                                                                                                                                                                                                                     
  42    726                                                                                                                                                                                                                                                     
  43    732                                                                                                                                                                                                                                                     
  44    738                                                                                                                                                                                                                                                     
  45    745                                                                                                                                                                                                                                                     
  46    754                                                                                                                                                                                                                                                     
  47    764                                                                                                                                                                                                                                                     
  48    778                                                                                                                                                                                                                                                     
  49    799                                                                                                                                                                                                                                                     
  50    820                                                                                                                                                                                                                                                     
  51    820                                                                                                                                                                                                                                                     
