NCR SS  TN GSTDZALL Final Content:RD Level:14 Form:G Other:MA (12DEC07)                                                                                                                                                                                         
   0    433                                                                                                                                                                                                                                                     
   1    433                                                                                                                                                                                                                                                     
   2    433                                                                                                                                                                                                                                                     
   3    433                                                                                                                                                                                                                                                     
   4    433                                                                                                                                                                                                                                                     
   5    433                                                                                                                                                                                                                                                     
   6    433                                                                                                                                                                                                                                                     
   7    516                                                                                                                                                                                                                                                     
   8    538                                                                                                                                                                                                                                                     
   9    551                                                                                                                                                                                                                                                     
  10    560                                                                                                                                                                                                                                                     
  11    567                                                                                                                                                                                                                                                     
  12    573                                                                                                                                                                                                                                                     
  13    578                                                                                                                                                                                                                                                     
  14    582                                                                                                                                                                                                                                                     
  15    587                                                                                                                                                                                                                                                     
  16    591                                                                                                                                                                                                                                                     
  17    594                                                                                                                                                                                                                                                     
  18    598                                                                                                                                                                                                                                                     
  19    601                                                                                                                                                                                                                                                     
  20    605                                                                                                                                                                                                                                                     
  21    608                                                                                                                                                                                                                                                     
  22    611                                                                                                                                                                                                                                                     
  23    614                                                                                                                                                                                                                                                     
  24    617                                                                                                                                                                                                                                                     
  25    620                                                                                                                                                                                                                                                     
  26    623                                                                                                                                                                                                                                                     
  27    626                                                                                                                                                                                                                                                     
  28    629                                                                                                                                                                                                                                                     
  29    632                                                                                                                                                                                                                                                     
  30    635                                                                                                                                                                                                                                                     
  31    639                                                                                                                                                                                                                                                     
  32    643                                                                                                                                                                                                                                                     
  33    647                                                                                                                                                                                                                                                     
  34    651                                                                                                                                                                                                                                                     
  35    655                                                                                                                                                                                                                                                     
  36    660                                                                                                                                                                                                                                                     
  37    666                                                                                                                                                                                                                                                     
  38    671                                                                                                                                                                                                                                                     
  39    678                                                                                                                                                                                                                                                     
  40    686                                                                                                                                                                                                                                                     
  41    695                                                                                                                                                                                                                                                     
  42    707                                                                                                                                                                                                                                                     
  43    724                                                                                                                                                                                                                                                     
  44    756                                                                                                                                                                                                                                                     
  45    780                                                                                                                                                                                                                                                     
