NCR SS  TN GSTDZALL Final Content:RD Level:17 Form:G Other:SV (12DEC07)                                                                                                                                                                                         
   0    498                                                                                                                                                                                                                                                     
   1    498                                                                                                                                                                                                                                                     
   2    498                                                                                                                                                                                                                                                     
   3    498                                                                                                                                                                                                                                                     
   4    498                                                                                                                                                                                                                                                     
   5    498                                                                                                                                                                                                                                                     
   6    498                                                                                                                                                                                                                                                     
   7    569                                                                                                                                                                                                                                                     
   8    590                                                                                                                                                                                                                                                     
   9    601                                                                                                                                                                                                                                                     
  10    610                                                                                                                                                                                                                                                     
  11    617                                                                                                                                                                                                                                                     
  12    623                                                                                                                                                                                                                                                     
  13    629                                                                                                                                                                                                                                                     
  14    634                                                                                                                                                                                                                                                     
  15    639                                                                                                                                                                                                                                                     
  16    644                                                                                                                                                                                                                                                     
  17    649                                                                                                                                                                                                                                                     
  18    653                                                                                                                                                                                                                                                     
  19    658                                                                                                                                                                                                                                                     
  20    662                                                                                                                                                                                                                                                     
  21    667                                                                                                                                                                                                                                                     
  22    672                                                                                                                                                                                                                                                     
  23    677                                                                                                                                                                                                                                                     
  24    682                                                                                                                                                                                                                                                     
  25    687                                                                                                                                                                                                                                                     
  26    693                                                                                                                                                                                                                                                     
  27    699                                                                                                                                                                                                                                                     
  28    705                                                                                                                                                                                                                                                     
  29    713                                                                                                                                                                                                                                                     
  30    722                                                                                                                                                                                                                                                     
  31    735                                                                                                                                                                                                                                                     
  32    762                                                                                                                                                                                                                                                     
  33    810                                                                                                                                                                                                                                                     
