NCR SS  TN GSTDZALL Final Content:RD Level:21 Form:G Other:SV (12DEC07)                                                                                                                                                                                         
   0    542                                                                                                                                                                                                                                                     
   1    542                                                                                                                                                                                                                                                     
   2    542                                                                                                                                                                                                                                                     
   3    542                                                                                                                                                                                                                                                     
   4    542                                                                                                                                                                                                                                                     
   5    542                                                                                                                                                                                                                                                     
   6    542                                                                                                                                                                                                                                                     
   7    597                                                                                                                                                                                                                                                     
   8    625                                                                                                                                                                                                                                                     
   9    639                                                                                                                                                                                                                                                     
  10    649                                                                                                                                                                                                                                                     
  11    657                                                                                                                                                                                                                                                     
  12    663                                                                                                                                                                                                                                                     
  13    669                                                                                                                                                                                                                                                     
  14    674                                                                                                                                                                                                                                                     
  15    679                                                                                                                                                                                                                                                     
  16    684                                                                                                                                                                                                                                                     
  17    688                                                                                                                                                                                                                                                     
  18    693                                                                                                                                                                                                                                                     
  19    697                                                                                                                                                                                                                                                     
  20    701                                                                                                                                                                                                                                                     
  21    705                                                                                                                                                                                                                                                     
  22    710                                                                                                                                                                                                                                                     
  23    714                                                                                                                                                                                                                                                     
  24    719                                                                                                                                                                                                                                                     
  25    724                                                                                                                                                                                                                                                     
  26    730                                                                                                                                                                                                                                                     
  27    737                                                                                                                                                                                                                                                     
  28    744                                                                                                                                                                                                                                                     
  29    752                                                                                                                                                                                                                                                     
  30    763                                                                                                                                                                                                                                                     
  31    778                                                                                                                                                                                                                                                     
  32    806                                                                                                                                                                                                                                                     
  33    866                                                                                                                                                                                                                                                     
