NCR SS  TN GSTDZALL Final Content:RD Level:15 Form:G Other:SV (12DEC07)                                                                                                                                                                                         
   0    475                                                                                                                                                                                                                                                     
   1    475                                                                                                                                                                                                                                                     
   2    475                                                                                                                                                                                                                                                     
   3    475                                                                                                                                                                                                                                                     
   4    475                                                                                                                                                                                                                                                     
   5    475                                                                                                                                                                                                                                                     
   6    485                                                                                                                                                                                                                                                     
   7    552                                                                                                                                                                                                                                                     
   8    573                                                                                                                                                                                                                                                     
   9    585                                                                                                                                                                                                                                                     
  10    594                                                                                                                                                                                                                                                     
  11    602                                                                                                                                                                                                                                                     
  12    608                                                                                                                                                                                                                                                     
  13    613                                                                                                                                                                                                                                                     
  14    618                                                                                                                                                                                                                                                     
  15    623                                                                                                                                                                                                                                                     
  16    627                                                                                                                                                                                                                                                     
  17    631                                                                                                                                                                                                                                                     
  18    635                                                                                                                                                                                                                                                     
  19    639                                                                                                                                                                                                                                                     
  20    643                                                                                                                                                                                                                                                     
  21    647                                                                                                                                                                                                                                                     
  22    651                                                                                                                                                                                                                                                     
  23    655                                                                                                                                                                                                                                                     
  24    660                                                                                                                                                                                                                                                     
  25    664                                                                                                                                                                                                                                                     
  26    670                                                                                                                                                                                                                                                     
  27    675                                                                                                                                                                                                                                                     
  28    681                                                                                                                                                                                                                                                     
  29    689                                                                                                                                                                                                                                                     
  30    698                                                                                                                                                                                                                                                     
  31    709                                                                                                                                                                                                                                                     
  32    730                                                                                                                                                                                                                                                     
  33    790                                                                                                                                                                                                                                                     
