NCR SS  TN GSTDZALL Final Content:RD Level:11 Form:G Other:CB (12DEC07)                                                                                                                                                                                         
   0    407                                                                                                                                                                                                                                                     
   1    407                                                                                                                                                                                                                                                     
   2    407                                                                                                                                                                                                                                                     
   3    407                                                                                                                                                                                                                                                     
   4    407                                                                                                                                                                                                                                                     
   5    407                                                                                                                                                                                                                                                     
   6    407                                                                                                                                                                                                                                                     
   7    407                                                                                                                                                                                                                                                     
   8    407                                                                                                                                                                                                                                                     
   9    407                                                                                                                                                                                                                                                     
  10    407                                                                                                                                                                                                                                                     
  11    407                                                                                                                                                                                                                                                     
  12    407                                                                                                                                                                                                                                                     
  13    407                                                                                                                                                                                                                                                     
  14    434                                                                                                                                                                                                                                                     
  15    452                                                                                                                                                                                                                                                     
  16    466                                                                                                                                                                                                                                                     
  17    477                                                                                                                                                                                                                                                     
  18    487                                                                                                                                                                                                                                                     
  19    496                                                                                                                                                                                                                                                     
  20    504                                                                                                                                                                                                                                                     
  21    511                                                                                                                                                                                                                                                     
  22    518                                                                                                                                                                                                                                                     
  23    524                                                                                                                                                                                                                                                     
  24    530                                                                                                                                                                                                                                                     
  25    536                                                                                                                                                                                                                                                     
  26    542                                                                                                                                                                                                                                                     
  27    547                                                                                                                                                                                                                                                     
  28    553                                                                                                                                                                                                                                                     
  29    558                                                                                                                                                                                                                                                     
  30    563                                                                                                                                                                                                                                                     
  31    569                                                                                                                                                                                                                                                     
  32    575                                                                                                                                                                                                                                                     
  33    581                                                                                                                                                                                                                                                     
  34    588                                                                                                                                                                                                                                                     
  35    596                                                                                                                                                                                                                                                     
  36    605                                                                                                                                                                                                                                                     
  37    616                                                                                                                                                                                                                                                     
  38    631                                                                                                                                                                                                                                                     
  39    658                                                                                                                                                                                                                                                     
  40    701                                                                                                                                                                                                                                                     
