NCR SS  TN GSTDZALL Final Content:RD Level:13 Form:G Other:MA (12DEC07)                                                                                                                                                                                         
   0    427                                                                                                                                                                                                                                                     
   1    427                                                                                                                                                                                                                                                     
   2    427                                                                                                                                                                                                                                                     
   3    427                                                                                                                                                                                                                                                     
   4    427                                                                                                                                                                                                                                                     
   5    427                                                                                                                                                                                                                                                     
   6    427                                                                                                                                                                                                                                                     
   7    506                                                                                                                                                                                                                                                     
   8    527                                                                                                                                                                                                                                                     
   9    540                                                                                                                                                                                                                                                     
  10    550                                                                                                                                                                                                                                                     
  11    557                                                                                                                                                                                                                                                     
  12    564                                                                                                                                                                                                                                                     
  13    570                                                                                                                                                                                                                                                     
  14    575                                                                                                                                                                                                                                                     
  15    580                                                                                                                                                                                                                                                     
  16    584                                                                                                                                                                                                                                                     
  17    588                                                                                                                                                                                                                                                     
  18    593                                                                                                                                                                                                                                                     
  19    597                                                                                                                                                                                                                                                     
  20    600                                                                                                                                                                                                                                                     
  21    604                                                                                                                                                                                                                                                     
  22    608                                                                                                                                                                                                                                                     
  23    612                                                                                                                                                                                                                                                     
  24    615                                                                                                                                                                                                                                                     
  25    619                                                                                                                                                                                                                                                     
  26    623                                                                                                                                                                                                                                                     
  27    627                                                                                                                                                                                                                                                     
  28    631                                                                                                                                                                                                                                                     
  29    635                                                                                                                                                                                                                                                     
  30    639                                                                                                                                                                                                                                                     
  31    644                                                                                                                                                                                                                                                     
  32    650                                                                                                                                                                                                                                                     
  33    656                                                                                                                                                                                                                                                     
  34    663                                                                                                                                                                                                                                                     
  35    671                                                                                                                                                                                                                                                     
  36    681                                                                                                                                                                                                                                                     
  37    695                                                                                                                                                                                                                                                     
  38    720                                                                                                                                                                                                                                                     
  39    750                                                                                                                                                                                                                                                     
