NCR SS  TN GSTDZALL Final Content:RD Level:20 Form:G Other:MA (12DEC07)                                                                                                                                                                                         
   0    529                                                                                                                                                                                                                                                     
   1    529                                                                                                                                                                                                                                                     
   2    529                                                                                                                                                                                                                                                     
   3    529                                                                                                                                                                                                                                                     
   4    529                                                                                                                                                                                                                                                     
   5    529                                                                                                                                                                                                                                                     
   6    529                                                                                                                                                                                                                                                     
   7    548                                                                                                                                                                                                                                                     
   8    584                                                                                                                                                                                                                                                     
   9    603                                                                                                                                                                                                                                                     
  10    617                                                                                                                                                                                                                                                     
  11    627                                                                                                                                                                                                                                                     
  12    635                                                                                                                                                                                                                                                     
  13    642                                                                                                                                                                                                                                                     
  14    648                                                                                                                                                                                                                                                     
  15    654                                                                                                                                                                                                                                                     
  16    659                                                                                                                                                                                                                                                     
  17    663                                                                                                                                                                                                                                                     
  18    667                                                                                                                                                                                                                                                     
  19    672                                                                                                                                                                                                                                                     
  20    676                                                                                                                                                                                                                                                     
  21    679                                                                                                                                                                                                                                                     
  22    683                                                                                                                                                                                                                                                     
  23    687                                                                                                                                                                                                                                                     
  24    691                                                                                                                                                                                                                                                     
  25    694                                                                                                                                                                                                                                                     
  26    698                                                                                                                                                                                                                                                     
  27    701                                                                                                                                                                                                                                                     
  28    705                                                                                                                                                                                                                                                     
  29    709                                                                                                                                                                                                                                                     
  30    712                                                                                                                                                                                                                                                     
  31    716                                                                                                                                                                                                                                                     
  32    720                                                                                                                                                                                                                                                     
  33    724                                                                                                                                                                                                                                                     
  34    728                                                                                                                                                                                                                                                     
  35    733                                                                                                                                                                                                                                                     
  36    737                                                                                                                                                                                                                                                     
  37    742                                                                                                                                                                                                                                                     
  38    747                                                                                                                                                                                                                                                     
  39    753                                                                                                                                                                                                                                                     
  40    759                                                                                                                                                                                                                                                     
  41    766                                                                                                                                                                                                                                                     
  42    774                                                                                                                                                                                                                                                     
  43    784                                                                                                                                                                                                                                                     
  44    796                                                                                                                                                                                                                                                     
  45    811                                                                                                                                                                                                                                                     
  46    834                                                                                                                                                                                                                                                     
  47    838                                                                                                                                                                                                                                                     
  48    838                                                                                                                                                                                                                                                     
