NCR SS  TN GSTDZALL Final Content:RD Level:21 Form:G Other:CB (12DEC07)                                                                                                                                                                                         
   0    542                                                                                                                                                                                                                                                     
   1    542                                                                                                                                                                                                                                                     
   2    542                                                                                                                                                                                                                                                     
   3    542                                                                                                                                                                                                                                                     
   4    542                                                                                                                                                                                                                                                     
   5    542                                                                                                                                                                                                                                                     
   6    542                                                                                                                                                                                                                                                     
   7    542                                                                                                                                                                                                                                                     
   8    542                                                                                                                                                                                                                                                     
   9    542                                                                                                                                                                                                                                                     
  10    605                                                                                                                                                                                                                                                     
  11    624                                                                                                                                                                                                                                                     
  12    636                                                                                                                                                                                                                                                     
  13    645                                                                                                                                                                                                                                                     
  14    651                                                                                                                                                                                                                                                     
  15    657                                                                                                                                                                                                                                                     
  16    662                                                                                                                                                                                                                                                     
  17    667                                                                                                                                                                                                                                                     
  18    671                                                                                                                                                                                                                                                     
  19    676                                                                                                                                                                                                                                                     
  20    679                                                                                                                                                                                                                                                     
  21    683                                                                                                                                                                                                                                                     
  22    686                                                                                                                                                                                                                                                     
  23    690                                                                                                                                                                                                                                                     
  24    693                                                                                                                                                                                                                                                     
  25    696                                                                                                                                                                                                                                                     
  26    699                                                                                                                                                                                                                                                     
  27    702                                                                                                                                                                                                                                                     
  28    705                                                                                                                                                                                                                                                     
  29    708                                                                                                                                                                                                                                                     
  30    711                                                                                                                                                                                                                                                     
  31    715                                                                                                                                                                                                                                                     
  32    718                                                                                                                                                                                                                                                     
  33    721                                                                                                                                                                                                                                                     
  34    725                                                                                                                                                                                                                                                     
  35    729                                                                                                                                                                                                                                                     
  36    733                                                                                                                                                                                                                                                     
  37    737                                                                                                                                                                                                                                                     
  38    741                                                                                                                                                                                                                                                     
  39    746                                                                                                                                                                                                                                                     
  40    751                                                                                                                                                                                                                                                     
  41    757                                                                                                                                                                                                                                                     
  42    765                                                                                                                                                                                                                                                     
  43    774                                                                                                                                                                                                                                                     
  44    788                                                                                                                                                                                                                                                     
  45    813                                                                                                                                                                                                                                                     
  46    866                                                                                                                                                                                                                                                     
