NCR SS  TN GSTDZALL Final Content:RD Level:16 Form:G Other:MA (12DEC07)                                                                                                                                                                                         
   0    486                                                                                                                                                                                                                                                     
   1    486                                                                                                                                                                                                                                                     
   2    486                                                                                                                                                                                                                                                     
   3    486                                                                                                                                                                                                                                                     
   4    486                                                                                                                                                                                                                                                     
   5    486                                                                                                                                                                                                                                                     
   6    486                                                                                                                                                                                                                                                     
   7    503                                                                                                                                                                                                                                                     
   8    549                                                                                                                                                                                                                                                     
   9    570                                                                                                                                                                                                                                                     
  10    582                                                                                                                                                                                                                                                     
  11    591                                                                                                                                                                                                                                                     
  12    598                                                                                                                                                                                                                                                     
  13    605                                                                                                                                                                                                                                                     
  14    610                                                                                                                                                                                                                                                     
  15    614                                                                                                                                                                                                                                                     
  16    619                                                                                                                                                                                                                                                     
  17    623                                                                                                                                                                                                                                                     
  18    627                                                                                                                                                                                                                                                     
  19    630                                                                                                                                                                                                                                                     
  20    634                                                                                                                                                                                                                                                     
  21    637                                                                                                                                                                                                                                                     
  22    641                                                                                                                                                                                                                                                     
  23    644                                                                                                                                                                                                                                                     
  24    647                                                                                                                                                                                                                                                     
  25    650                                                                                                                                                                                                                                                     
  26    654                                                                                                                                                                                                                                                     
  27    657                                                                                                                                                                                                                                                     
  28    660                                                                                                                                                                                                                                                     
  29    663                                                                                                                                                                                                                                                     
  30    666                                                                                                                                                                                                                                                     
  31    669                                                                                                                                                                                                                                                     
  32    672                                                                                                                                                                                                                                                     
  33    675                                                                                                                                                                                                                                                     
  34    678                                                                                                                                                                                                                                                     
  35    681                                                                                                                                                                                                                                                     
  36    685                                                                                                                                                                                                                                                     
  37    688                                                                                                                                                                                                                                                     
  38    692                                                                                                                                                                                                                                                     
  39    696                                                                                                                                                                                                                                                     
  40    700                                                                                                                                                                                                                                                     
  41    704                                                                                                                                                                                                                                                     
  42    709                                                                                                                                                                                                                                                     
  43    714                                                                                                                                                                                                                                                     
  44    719                                                                                                                                                                                                                                                     
  45    726                                                                                                                                                                                                                                                     
  46    733                                                                                                                                                                                                                                                     
  47    742                                                                                                                                                                                                                                                     
  48    752                                                                                                                                                                                                                                                     
  49    766                                                                                                                                                                                                                                                     
  50    786                                                                                                                                                                                                                                                     
  51    800                                                                                                                                                                                                                                                     
  52    800                                                                                                                                                                                                                                                     
