NCR SS  TN GSTDZALL Final Content:RD Level:15 Form:G Other:CB (12DEC07)                                                                                                                                                                                         
   0    475                                                                                                                                                                                                                                                     
   1    475                                                                                                                                                                                                                                                     
   2    475                                                                                                                                                                                                                                                     
   3    475                                                                                                                                                                                                                                                     
   4    475                                                                                                                                                                                                                                                     
   5    475                                                                                                                                                                                                                                                     
   6    475                                                                                                                                                                                                                                                     
   7    475                                                                                                                                                                                                                                                     
   8    475                                                                                                                                                                                                                                                     
   9    526                                                                                                                                                                                                                                                     
  10    560                                                                                                                                                                                                                                                     
  11    576                                                                                                                                                                                                                                                     
  12    587                                                                                                                                                                                                                                                     
  13    595                                                                                                                                                                                                                                                     
  14    601                                                                                                                                                                                                                                                     
  15    606                                                                                                                                                                                                                                                     
  16    611                                                                                                                                                                                                                                                     
  17    616                                                                                                                                                                                                                                                     
  18    620                                                                                                                                                                                                                                                     
  19    624                                                                                                                                                                                                                                                     
  20    627                                                                                                                                                                                                                                                     
  21    631                                                                                                                                                                                                                                                     
  22    634                                                                                                                                                                                                                                                     
  23    637                                                                                                                                                                                                                                                     
  24    641                                                                                                                                                                                                                                                     
  25    644                                                                                                                                                                                                                                                     
  26    647                                                                                                                                                                                                                                                     
  27    650                                                                                                                                                                                                                                                     
  28    653                                                                                                                                                                                                                                                     
  29    656                                                                                                                                                                                                                                                     
  30    659                                                                                                                                                                                                                                                     
  31    663                                                                                                                                                                                                                                                     
  32    666                                                                                                                                                                                                                                                     
  33    669                                                                                                                                                                                                                                                     
  34    673                                                                                                                                                                                                                                                     
  35    677                                                                                                                                                                                                                                                     
  36    681                                                                                                                                                                                                                                                     
  37    685                                                                                                                                                                                                                                                     
  38    689                                                                                                                                                                                                                                                     
  39    694                                                                                                                                                                                                                                                     
  40    699                                                                                                                                                                                                                                                     
  41    704                                                                                                                                                                                                                                                     
  42    711                                                                                                                                                                                                                                                     
  43    719                                                                                                                                                                                                                                                     
  44    730                                                                                                                                                                                                                                                     
  45    748                                                                                                                                                                                                                                                     
  46    790                                                                                                                                                                                                                                                     
