NCR SS  TN GSTDZALL Final Content:RD Level:17 Form:G Other:MA (12DEC07)                                                                                                                                                                                         
   0    498                                                                                                                                                                                                                                                     
   1    498                                                                                                                                                                                                                                                     
   2    498                                                                                                                                                                                                                                                     
   3    498                                                                                                                                                                                                                                                     
   4    498                                                                                                                                                                                                                                                     
   5    498                                                                                                                                                                                                                                                     
   6    498                                                                                                                                                                                                                                                     
   7    553                                                                                                                                                                                                                                                     
   8    576                                                                                                                                                                                                                                                     
   9    589                                                                                                                                                                                                                                                     
  10    598                                                                                                                                                                                                                                                     
  11    605                                                                                                                                                                                                                                                     
  12    611                                                                                                                                                                                                                                                     
  13    616                                                                                                                                                                                                                                                     
  14    620                                                                                                                                                                                                                                                     
  15    625                                                                                                                                                                                                                                                     
  16    629                                                                                                                                                                                                                                                     
  17    632                                                                                                                                                                                                                                                     
  18    636                                                                                                                                                                                                                                                     
  19    639                                                                                                                                                                                                                                                     
  20    643                                                                                                                                                                                                                                                     
  21    646                                                                                                                                                                                                                                                     
  22    649                                                                                                                                                                                                                                                     
  23    652                                                                                                                                                                                                                                                     
  24    655                                                                                                                                                                                                                                                     
  25    659                                                                                                                                                                                                                                                     
  26    662                                                                                                                                                                                                                                                     
  27    665                                                                                                                                                                                                                                                     
  28    668                                                                                                                                                                                                                                                     
  29    671                                                                                                                                                                                                                                                     
  30    674                                                                                                                                                                                                                                                     
  31    677                                                                                                                                                                                                                                                     
  32    680                                                                                                                                                                                                                                                     
  33    684                                                                                                                                                                                                                                                     
  34    687                                                                                                                                                                                                                                                     
  35    690                                                                                                                                                                                                                                                     
  36    693                                                                                                                                                                                                                                                     
  37    696                                                                                                                                                                                                                                                     
  38    700                                                                                                                                                                                                                                                     
  39    703                                                                                                                                                                                                                                                     
  40    707                                                                                                                                                                                                                                                     
  41    711                                                                                                                                                                                                                                                     
  42    715                                                                                                                                                                                                                                                     
  43    720                                                                                                                                                                                                                                                     
  44    725                                                                                                                                                                                                                                                     
  45    731                                                                                                                                                                                                                                                     
  46    738                                                                                                                                                                                                                                                     
  47    748                                                                                                                                                                                                                                                     
  48    762                                                                                                                                                                                                                                                     
  49    790                                                                                                                                                                                                                                                     
  50    810                                                                                                                                                                                                                                                     
