NCR SS  TN GSTDZALL Final Content:RD Level:20 Form:G Other:CB (12DEC07)                                                                                                                                                                                         
   0    529                                                                                                                                                                                                                                                     
   1    529                                                                                                                                                                                                                                                     
   2    529                                                                                                                                                                                                                                                     
   3    529                                                                                                                                                                                                                                                     
   4    529                                                                                                                                                                                                                                                     
   5    529                                                                                                                                                                                                                                                     
   6    529                                                                                                                                                                                                                                                     
   7    529                                                                                                                                                                                                                                                     
   8    529                                                                                                                                                                                                                                                     
   9    549                                                                                                                                                                                                                                                     
  10    599                                                                                                                                                                                                                                                     
  11    618                                                                                                                                                                                                                                                     
  12    630                                                                                                                                                                                                                                                     
  13    639                                                                                                                                                                                                                                                     
  14    646                                                                                                                                                                                                                                                     
  15    652                                                                                                                                                                                                                                                     
  16    657                                                                                                                                                                                                                                                     
  17    662                                                                                                                                                                                                                                                     
  18    666                                                                                                                                                                                                                                                     
  19    670                                                                                                                                                                                                                                                     
  20    674                                                                                                                                                                                                                                                     
  21    678                                                                                                                                                                                                                                                     
  22    681                                                                                                                                                                                                                                                     
  23    684                                                                                                                                                                                                                                                     
  24    688                                                                                                                                                                                                                                                     
  25    691                                                                                                                                                                                                                                                     
  26    694                                                                                                                                                                                                                                                     
  27    698                                                                                                                                                                                                                                                     
  28    701                                                                                                                                                                                                                                                     
  29    704                                                                                                                                                                                                                                                     
  30    708                                                                                                                                                                                                                                                     
  31    711                                                                                                                                                                                                                                                     
  32    715                                                                                                                                                                                                                                                     
  33    719                                                                                                                                                                                                                                                     
  34    723                                                                                                                                                                                                                                                     
  35    727                                                                                                                                                                                                                                                     
  36    732                                                                                                                                                                                                                                                     
  37    737                                                                                                                                                                                                                                                     
  38    743                                                                                                                                                                                                                                                     
  39    749                                                                                                                                                                                                                                                     
  40    756                                                                                                                                                                                                                                                     
  41    765                                                                                                                                                                                                                                                     
  42    776                                                                                                                                                                                                                                                     
  43    790                                                                                                                                                                                                                                                     
  44    811                                                                                                                                                                                                                                                     
  45    838                                                                                                                                                                                                                                                     
  46    838                                                                                                                                                                                                                                                     
