NCR SS  TN GSTDZALL Final Content:RD Level:19 Form:G Other:CB (12DEC07)                                                                                                                                                                                         
   0    512                                                                                                                                                                                                                                                     
   1    512                                                                                                                                                                                                                                                     
   2    512                                                                                                                                                                                                                                                     
   3    512                                                                                                                                                                                                                                                     
   4    512                                                                                                                                                                                                                                                     
   5    512                                                                                                                                                                                                                                                     
   6    512                                                                                                                                                                                                                                                     
   7    512                                                                                                                                                                                                                                                     
   8    512                                                                                                                                                                                                                                                     
   9    512                                                                                                                                                                                                                                                     
  10    573                                                                                                                                                                                                                                                     
  11    598                                                                                                                                                                                                                                                     
  12    612                                                                                                                                                                                                                                                     
  13    623                                                                                                                                                                                                                                                     
  14    631                                                                                                                                                                                                                                                     
  15    637                                                                                                                                                                                                                                                     
  16    643                                                                                                                                                                                                                                                     
  17    648                                                                                                                                                                                                                                                     
  18    653                                                                                                                                                                                                                                                     
  19    657                                                                                                                                                                                                                                                     
  20    661                                                                                                                                                                                                                                                     
  21    665                                                                                                                                                                                                                                                     
  22    668                                                                                                                                                                                                                                                     
  23    672                                                                                                                                                                                                                                                     
  24    675                                                                                                                                                                                                                                                     
  25    679                                                                                                                                                                                                                                                     
  26    682                                                                                                                                                                                                                                                     
  27    686                                                                                                                                                                                                                                                     
  28    689                                                                                                                                                                                                                                                     
  29    693                                                                                                                                                                                                                                                     
  30    696                                                                                                                                                                                                                                                     
  31    700                                                                                                                                                                                                                                                     
  32    704                                                                                                                                                                                                                                                     
  33    707                                                                                                                                                                                                                                                     
  34    712                                                                                                                                                                                                                                                     
  35    716                                                                                                                                                                                                                                                     
  36    721                                                                                                                                                                                                                                                     
  37    726                                                                                                                                                                                                                                                     
  38    731                                                                                                                                                                                                                                                     
  39    737                                                                                                                                                                                                                                                     
  40    744                                                                                                                                                                                                                                                     
  41    752                                                                                                                                                                                                                                                     
  42    761                                                                                                                                                                                                                                                     
  43    774                                                                                                                                                                                                                                                     
  44    791                                                                                                                                                                                                                                                     
  45    821                                                                                                                                                                                                                                                     
  46    833                                                                                                                                                                                                                                                     
