NCR SS  TN GSTDZALL Final Content:RD Level:10 Form:G Other:CB (12DEC07)                                                                                                                                                                                         
   0    355                                                                                                                                                                                                                                                     
   1    355                                                                                                                                                                                                                                                     
   2    355                                                                                                                                                                                                                                                     
   3    355                                                                                                                                                                                                                                                     
   4    355                                                                                                                                                                                                                                                     
   5    355                                                                                                                                                                                                                                                     
   6    355                                                                                                                                                                                                                                                     
   7    355                                                                                                                                                                                                                                                     
   8    355                                                                                                                                                                                                                                                     
   9    355                                                                                                                                                                                                                                                     
  10    355                                                                                                                                                                                                                                                     
  11    355                                                                                                                                                                                                                                                     
  12    355                                                                                                                                                                                                                                                     
  13    355                                                                                                                                                                                                                                                     
  14    389                                                                                                                                                                                                                                                     
  15    409                                                                                                                                                                                                                                                     
  16    423                                                                                                                                                                                                                                                     
  17    433                                                                                                                                                                                                                                                     
  18    441                                                                                                                                                                                                                                                     
  19    449                                                                                                                                                                                                                                                     
  20    455                                                                                                                                                                                                                                                     
  21    461                                                                                                                                                                                                                                                     
  22    467                                                                                                                                                                                                                                                     
  23    472                                                                                                                                                                                                                                                     
  24    477                                                                                                                                                                                                                                                     
  25    482                                                                                                                                                                                                                                                     
  26    487                                                                                                                                                                                                                                                     
  27    492                                                                                                                                                                                                                                                     
  28    497                                                                                                                                                                                                                                                     
  29    501                                                                                                                                                                                                                                                     
  30    506                                                                                                                                                                                                                                                     
  31    511                                                                                                                                                                                                                                                     
  32    516                                                                                                                                                                                                                                                     
  33    521                                                                                                                                                                                                                                                     
  34    526                                                                                                                                                                                                                                                     
  35    533                                                                                                                                                                                                                                                     
  36    541                                                                                                                                                                                                                                                     
  37    550                                                                                                                                                                                                                                                     
  38    564                                                                                                                                                                                                                                                     
  39    590                                                                                                                                                                                                                                                     
  40    626                                                                                                                                                                                                                                                     
