NCR SS  TN GSTDZALL Final Content:RD Level:16 Form:G Other:SV (12DEC07)                                                                                                                                                                                         
   0    486                                                                                                                                                                                                                                                     
   1    486                                                                                                                                                                                                                                                     
   2    486                                                                                                                                                                                                                                                     
   3    486                                                                                                                                                                                                                                                     
   4    486                                                                                                                                                                                                                                                     
   5    486                                                                                                                                                                                                                                                     
   6    486                                                                                                                                                                                                                                                     
   7    552                                                                                                                                                                                                                                                     
   8    581                                                                                                                                                                                                                                                     
   9    595                                                                                                                                                                                                                                                     
  10    604                                                                                                                                                                                                                                                     
  11    611                                                                                                                                                                                                                                                     
  12    617                                                                                                                                                                                                                                                     
  13    623                                                                                                                                                                                                                                                     
  14    628                                                                                                                                                                                                                                                     
  15    633                                                                                                                                                                                                                                                     
  16    638                                                                                                                                                                                                                                                     
  17    643                                                                                                                                                                                                                                                     
  18    647                                                                                                                                                                                                                                                     
  19    652                                                                                                                                                                                                                                                     
  20    656                                                                                                                                                                                                                                                     
  21    661                                                                                                                                                                                                                                                     
  22    665                                                                                                                                                                                                                                                     
  23    669                                                                                                                                                                                                                                                     
  24    674                                                                                                                                                                                                                                                     
  25    679                                                                                                                                                                                                                                                     
  26    684                                                                                                                                                                                                                                                     
  27    690                                                                                                                                                                                                                                                     
  28    697                                                                                                                                                                                                                                                     
  29    705                                                                                                                                                                                                                                                     
  30    714                                                                                                                                                                                                                                                     
  31    728                                                                                                                                                                                                                                                     
  32    750                                                                                                                                                                                                                                                     
  33    800                                                                                                                                                                                                                                                     
