NCR SS  TN GSTDZALL Final Content:RD Level:13 Form:G Other:SV (12DEC07)                                                                                                                                                                                         
   0    427                                                                                                                                                                                                                                                     
   1    427                                                                                                                                                                                                                                                     
   2    427                                                                                                                                                                                                                                                     
   3    427                                                                                                                                                                                                                                                     
   4    427                                                                                                                                                                                                                                                     
   5    427                                                                                                                                                                                                                                                     
   6    446                                                                                                                                                                                                                                                     
   7    527                                                                                                                                                                                                                                                     
   8    546                                                                                                                                                                                                                                                     
   9    558                                                                                                                                                                                                                                                     
  10    568                                                                                                                                                                                                                                                     
  11    575                                                                                                                                                                                                                                                     
  12    582                                                                                                                                                                                                                                                     
  13    588                                                                                                                                                                                                                                                     
  14    593                                                                                                                                                                                                                                                     
  15    599                                                                                                                                                                                                                                                     
  16    604                                                                                                                                                                                                                                                     
  17    608                                                                                                                                                                                                                                                     
  18    613                                                                                                                                                                                                                                                     
  19    618                                                                                                                                                                                                                                                     
  20    623                                                                                                                                                                                                                                                     
  21    628                                                                                                                                                                                                                                                     
  22    633                                                                                                                                                                                                                                                     
  23    638                                                                                                                                                                                                                                                     
  24    644                                                                                                                                                                                                                                                     
  25    651                                                                                                                                                                                                                                                     
  26    659                                                                                                                                                                                                                                                     
  27    669                                                                                                                                                                                                                                                     
  28    682                                                                                                                                                                                                                                                     
  29    704                                                                                                                                                                                                                                                     
  30    750                                                                                                                                                                                                                                                     
