NCR SS  TN GSTDZALL Final Content:RD Level:19 Form:G Other:SV (12DEC07)                                                                                                                                                                                         
   0    512                                                                                                                                                                                                                                                     
   1    512                                                                                                                                                                                                                                                     
   2    512                                                                                                                                                                                                                                                     
   3    512                                                                                                                                                                                                                                                     
   4    512                                                                                                                                                                                                                                                     
   5    512                                                                                                                                                                                                                                                     
   6    512                                                                                                                                                                                                                                                     
   7    561                                                                                                                                                                                                                                                     
   8    599                                                                                                                                                                                                                                                     
   9    618                                                                                                                                                                                                                                                     
  10    630                                                                                                                                                                                                                                                     
  11    639                                                                                                                                                                                                                                                     
  12    646                                                                                                                                                                                                                                                     
  13    653                                                                                                                                                                                                                                                     
  14    659                                                                                                                                                                                                                                                     
  15    664                                                                                                                                                                                                                                                     
  16    670                                                                                                                                                                                                                                                     
  17    675                                                                                                                                                                                                                                                     
  18    680                                                                                                                                                                                                                                                     
  19    685                                                                                                                                                                                                                                                     
  20    690                                                                                                                                                                                                                                                     
  21    695                                                                                                                                                                                                                                                     
  22    701                                                                                                                                                                                                                                                     
  23    707                                                                                                                                                                                                                                                     
  24    713                                                                                                                                                                                                                                                     
  25    719                                                                                                                                                                                                                                                     
  26    727                                                                                                                                                                                                                                                     
  27    734                                                                                                                                                                                                                                                     
  28    743                                                                                                                                                                                                                                                     
  29    753                                                                                                                                                                                                                                                     
  30    765                                                                                                                                                                                                                                                     
  31    782                                                                                                                                                                                                                                                     
  32    812                                                                                                                                                                                                                                                     
  33    833                                                                                                                                                                                                                                                     
