NCR SS  TN GSTDZALL Final Content:RD Level:21 Form:G Other:MA (12DEC07)                                                                                                                                                                                         
   0    542                                                                                                                                                                                                                                                     
   1    542                                                                                                                                                                                                                                                     
   2    542                                                                                                                                                                                                                                                     
   3    542                                                                                                                                                                                                                                                     
   4    542                                                                                                                                                                                                                                                     
   5    542                                                                                                                                                                                                                                                     
   6    542                                                                                                                                                                                                                                                     
   7    548                                                                                                                                                                                                                                                     
   8    594                                                                                                                                                                                                                                                     
   9    616                                                                                                                                                                                                                                                     
  10    629                                                                                                                                                                                                                                                     
  11    638                                                                                                                                                                                                                                                     
  12    646                                                                                                                                                                                                                                                     
  13    652                                                                                                                                                                                                                                                     
  14    658                                                                                                                                                                                                                                                     
  15    663                                                                                                                                                                                                                                                     
  16    667                                                                                                                                                                                                                                                     
  17    671                                                                                                                                                                                                                                                     
  18    675                                                                                                                                                                                                                                                     
  19    679                                                                                                                                                                                                                                                     
  20    682                                                                                                                                                                                                                                                     
  21    686                                                                                                                                                                                                                                                     
  22    689                                                                                                                                                                                                                                                     
  23    692                                                                                                                                                                                                                                                     
  24    695                                                                                                                                                                                                                                                     
  25    698                                                                                                                                                                                                                                                     
  26    701                                                                                                                                                                                                                                                     
  27    704                                                                                                                                                                                                                                                     
  28    707                                                                                                                                                                                                                                                     
  29    710                                                                                                                                                                                                                                                     
  30    713                                                                                                                                                                                                                                                     
  31    716                                                                                                                                                                                                                                                     
  32    719                                                                                                                                                                                                                                                     
  33    722                                                                                                                                                                                                                                                     
  34    726                                                                                                                                                                                                                                                     
  35    729                                                                                                                                                                                                                                                     
  36    733                                                                                                                                                                                                                                                     
  37    736                                                                                                                                                                                                                                                     
  38    740                                                                                                                                                                                                                                                     
  39    744                                                                                                                                                                                                                                                     
  40    749                                                                                                                                                                                                                                                     
  41    754                                                                                                                                                                                                                                                     
  42    759                                                                                                                                                                                                                                                     
  43    765                                                                                                                                                                                                                                                     
  44    773                                                                                                                                                                                                                                                     
  45    782                                                                                                                                                                                                                                                     
  46    793                                                                                                                                                                                                                                                     
  47    810                                                                                                                                                                                                                                                     
  48    839                                                                                                                                                                                                                                                     
  49    866                                                                                                                                                                                                                                                     
