NCR SS  TN GSTDZALL Final Content:RD Level:20 Form:G Other:SV (12DEC07)                                                                                                                                                                                         
   0    529                                                                                                                                                                                                                                                     
   1    529                                                                                                                                                                                                                                                     
   2    529                                                                                                                                                                                                                                                     
   3    529                                                                                                                                                                                                                                                     
   4    529                                                                                                                                                                                                                                                     
   5    529                                                                                                                                                                                                                                                     
   6    529                                                                                                                                                                                                                                                     
   7    584                                                                                                                                                                                                                                                     
   8    615                                                                                                                                                                                                                                                     
   9    632                                                                                                                                                                                                                                                     
  10    643                                                                                                                                                                                                                                                     
  11    652                                                                                                                                                                                                                                                     
  12    660                                                                                                                                                                                                                                                     
  13    667                                                                                                                                                                                                                                                     
  14    673                                                                                                                                                                                                                                                     
  15    678                                                                                                                                                                                                                                                     
  16    684                                                                                                                                                                                                                                                     
  17    689                                                                                                                                                                                                                                                     
  18    694                                                                                                                                                                                                                                                     
  19    699                                                                                                                                                                                                                                                     
  20    705                                                                                                                                                                                                                                                     
  21    710                                                                                                                                                                                                                                                     
  22    715                                                                                                                                                                                                                                                     
  23    721                                                                                                                                                                                                                                                     
  24    727                                                                                                                                                                                                                                                     
  25    733                                                                                                                                                                                                                                                     
  26    741                                                                                                                                                                                                                                                     
  27    748                                                                                                                                                                                                                                                     
  28    758                                                                                                                                                                                                                                                     
  29    769                                                                                                                                                                                                                                                     
  30    784                                                                                                                                                                                                                                                     
  31    806                                                                                                                                                                                                                                                     
  32    838                                                                                                                                                                                                                                                     
  33    838                                                                                                                                                                                                                                                     
