NCR SS  TN GSTDZALL Final Content:RD Level:12 Form:G Other:SV (12DEC07)                                                                                                                                                                                         
   0    423                                                                                                                                                                                                                                                     
   1    423                                                                                                                                                                                                                                                     
   2    423                                                                                                                                                                                                                                                     
   3    423                                                                                                                                                                                                                                                     
   4    423                                                                                                                                                                                                                                                     
   5    423                                                                                                                                                                                                                                                     
   6    423                                                                                                                                                                                                                                                     
   7    423                                                                                                                                                                                                                                                     
   8    423                                                                                                                                                                                                                                                     
   9    423                                                                                                                                                                                                                                                     
  10    446                                                                                                                                                                                                                                                     
  11    475                                                                                                                                                                                                                                                     
  12    491                                                                                                                                                                                                                                                     
  13    503                                                                                                                                                                                                                                                     
  14    513                                                                                                                                                                                                                                                     
  15    521                                                                                                                                                                                                                                                     
  16    528                                                                                                                                                                                                                                                     
  17    534                                                                                                                                                                                                                                                     
  18    540                                                                                                                                                                                                                                                     
  19    545                                                                                                                                                                                                                                                     
  20    550                                                                                                                                                                                                                                                     
  21    555                                                                                                                                                                                                                                                     
  22    560                                                                                                                                                                                                                                                     
  23    564                                                                                                                                                                                                                                                     
  24    569                                                                                                                                                                                                                                                     
  25    573                                                                                                                                                                                                                                                     
  26    578                                                                                                                                                                                                                                                     
  27    582                                                                                                                                                                                                                                                     
  28    587                                                                                                                                                                                                                                                     
  29    592                                                                                                                                                                                                                                                     
  30    597                                                                                                                                                                                                                                                     
  31    602                                                                                                                                                                                                                                                     
  32    608                                                                                                                                                                                                                                                     
  33    614                                                                                                                                                                                                                                                     
  34    620                                                                                                                                                                                                                                                     
  35    628                                                                                                                                                                                                                                                     
  36    637                                                                                                                                                                                                                                                     
  37    647                                                                                                                                                                                                                                                     
  38    661                                                                                                                                                                                                                                                     
  39    682                                                                                                                                                                                                                                                     
  40    722                                                                                                                                                                                                                                                     
