NCR SS  TN GSTDZALL Final Content:SC Level:16 Form:G Other:SV (13SEP07)                                                                                                                                                                                         
   0    473                                                                                                                                                                                                                                                     
   1    473                                                                                                                                                                                                                                                     
   2    473                                                                                                                                                                                                                                                     
   3    473                                                                                                                                                                                                                                                     
   4    473                                                                                                                                                                                                                                                     
   5    530                                                                                                                                                                                                                                                     
   6    565                                                                                                                                                                                                                                                     
   7    582                                                                                                                                                                                                                                                     
   8    595                                                                                                                                                                                                                                                     
   9    605                                                                                                                                                                                                                                                     
  10    614                                                                                                                                                                                                                                                     
  11    622                                                                                                                                                                                                                                                     
  12    630                                                                                                                                                                                                                                                     
  13    638                                                                                                                                                                                                                                                     
  14    646                                                                                                                                                                                                                                                     
  15    653                                                                                                                                                                                                                                                     
  16    660                                                                                                                                                                                                                                                     
  17    668                                                                                                                                                                                                                                                     
  18    675                                                                                                                                                                                                                                                     
  19    683                                                                                                                                                                                                                                                     
  20    692                                                                                                                                                                                                                                                     
  21    702                                                                                                                                                                                                                                                     
  22    714                                                                                                                                                                                                                                                     
  23    731                                                                                                                                                                                                                                                     
  24    764                                                                                                                                                                                                                                                     
  25    833                                                                                                                                                                                                                                                     
