NCR SS  TN GSTDZALL Final Content:SC Level:15 Form:G Other:SV (13SEP07)                                                                                                                                                                                         
   0    440                                                                                                                                                                                                                                                     
   1    440                                                                                                                                                                                                                                                     
   2    440                                                                                                                                                                                                                                                     
   3    440                                                                                                                                                                                                                                                     
   4    440                                                                                                                                                                                                                                                     
   5    440                                                                                                                                                                                                                                                     
   6    521                                                                                                                                                                                                                                                     
   7    554                                                                                                                                                                                                                                                     
   8    572                                                                                                                                                                                                                                                     
   9    586                                                                                                                                                                                                                                                     
  10    596                                                                                                                                                                                                                                                     
  11    606                                                                                                                                                                                                                                                     
  12    615                                                                                                                                                                                                                                                     
  13    624                                                                                                                                                                                                                                                     
  14    632                                                                                                                                                                                                                                                     
  15    640                                                                                                                                                                                                                                                     
  16    648                                                                                                                                                                                                                                                     
  17    656                                                                                                                                                                                                                                                     
  18    664                                                                                                                                                                                                                                                     
  19    673                                                                                                                                                                                                                                                     
  20    682                                                                                                                                                                                                                                                     
  21    693                                                                                                                                                                                                                                                     
  22    705                                                                                                                                                                                                                                                     
  23    720                                                                                                                                                                                                                                                     
  24    745                                                                                                                                                                                                                                                     
  25    809                                                                                                                                                                                                                                                     
