NCR SS  TN GSTDZALL Final Content:SC Level:18 Form:G Other:CB (13SEP07)                                                                                                                                                                                         
   0    487                                                                                                                                                                                                                                                     
   1    487                                                                                                                                                                                                                                                     
   2    487                                                                                                                                                                                                                                                     
   3    487                                                                                                                                                                                                                                                     
   4    487                                                                                                                                                                                                                                                     
   5    487                                                                                                                                                                                                                                                     
   6    487                                                                                                                                                                                                                                                     
   7    487                                                                                                                                                                                                                                                     
   8    487                                                                                                                                                                                                                                                     
   9    560                                                                                                                                                                                                                                                     
  10    586                                                                                                                                                                                                                                                     
  11    602                                                                                                                                                                                                                                                     
  12    613                                                                                                                                                                                                                                                     
  13    623                                                                                                                                                                                                                                                     
  14    631                                                                                                                                                                                                                                                     
  15    638                                                                                                                                                                                                                                                     
  16    645                                                                                                                                                                                                                                                     
  17    651                                                                                                                                                                                                                                                     
  18    657                                                                                                                                                                                                                                                     
  19    662                                                                                                                                                                                                                                                     
  20    668                                                                                                                                                                                                                                                     
  21    673                                                                                                                                                                                                                                                     
  22    678                                                                                                                                                                                                                                                     
  23    683                                                                                                                                                                                                                                                     
  24    688                                                                                                                                                                                                                                                     
  25    693                                                                                                                                                                                                                                                     
  26    699                                                                                                                                                                                                                                                     
  27    704                                                                                                                                                                                                                                                     
  28    709                                                                                                                                                                                                                                                     
  29    714                                                                                                                                                                                                                                                     
  30    719                                                                                                                                                                                                                                                     
  31    725                                                                                                                                                                                                                                                     
  32    731                                                                                                                                                                                                                                                     
  33    737                                                                                                                                                                                                                                                     
  34    743                                                                                                                                                                                                                                                     
  35    751                                                                                                                                                                                                                                                     
  36    759                                                                                                                                                                                                                                                     
  37    770                                                                                                                                                                                                                                                     
  38    784                                                                                                                                                                                                                                                     
  39    810                                                                                                                                                                                                                                                     
  40    857                                                                                                                                                                                                                                                     
