NCR SS  TN GSTDZALL Final Content:SC Level:21 Form:G Other:CB (13SEP07)                                                                                                                                                                                         
   0    538                                                                                                                                                                                                                                                     
   1    538                                                                                                                                                                                                                                                     
   2    538                                                                                                                                                                                                                                                     
   3    538                                                                                                                                                                                                                                                     
   4    538                                                                                                                                                                                                                                                     
   5    538                                                                                                                                                                                                                                                     
   6    538                                                                                                                                                                                                                                                     
   7    538                                                                                                                                                                                                                                                     
   8    565                                                                                                                                                                                                                                                     
   9    611                                                                                                                                                                                                                                                     
  10    634                                                                                                                                                                                                                                                     
  11    650                                                                                                                                                                                                                                                     
  12    662                                                                                                                                                                                                                                                     
  13    671                                                                                                                                                                                                                                                     
  14    679                                                                                                                                                                                                                                                     
  15    687                                                                                                                                                                                                                                                     
  16    693                                                                                                                                                                                                                                                     
  17    699                                                                                                                                                                                                                                                     
  18    705                                                                                                                                                                                                                                                     
  19    711                                                                                                                                                                                                                                                     
  20    716                                                                                                                                                                                                                                                     
  21    721                                                                                                                                                                                                                                                     
  22    726                                                                                                                                                                                                                                                     
  23    731                                                                                                                                                                                                                                                     
  24    736                                                                                                                                                                                                                                                     
  25    741                                                                                                                                                                                                                                                     
  26    745                                                                                                                                                                                                                                                     
  27    750                                                                                                                                                                                                                                                     
  28    754                                                                                                                                                                                                                                                     
  29    758                                                                                                                                                                                                                                                     
  30    762                                                                                                                                                                                                                                                     
  31    766                                                                                                                                                                                                                                                     
  32    771                                                                                                                                                                                                                                                     
  33    775                                                                                                                                                                                                                                                     
  34    780                                                                                                                                                                                                                                                     
  35    786                                                                                                                                                                                                                                                     
  36    793                                                                                                                                                                                                                                                     
  37    803                                                                                                                                                                                                                                                     
  38    817                                                                                                                                                                                                                                                     
  39    846                                                                                                                                                                                                                                                     
  40    910                                                                                                                                                                                                                                                     
