NCR SS  TN GSTDZALL Final Content:SC Level:11 Form:G Other:MA (13SEP07)                                                                                                                                                                                         
   0    345                                                                                                                                                                                                                                                     
   1    345                                                                                                                                                                                                                                                     
   2    345                                                                                                                                                                                                                                                     
   3    345                                                                                                                                                                                                                                                     
   4    345                                                                                                                                                                                                                                                     
   5    345                                                                                                                                                                                                                                                     
   6    345                                                                                                                                                                                                                                                     
   7    378                                                                                                                                                                                                                                                     
   8    403                                                                                                                                                                                                                                                     
   9    419                                                                                                                                                                                                                                                     
  10    430                                                                                                                                                                                                                                                     
  11    439                                                                                                                                                                                                                                                     
  12    447                                                                                                                                                                                                                                                     
  13    454                                                                                                                                                                                                                                                     
  14    460                                                                                                                                                                                                                                                     
  15    465                                                                                                                                                                                                                                                     
  16    471                                                                                                                                                                                                                                                     
  17    476                                                                                                                                                                                                                                                     
  18    481                                                                                                                                                                                                                                                     
  19    486                                                                                                                                                                                                                                                     
  20    492                                                                                                                                                                                                                                                     
  21    498                                                                                                                                                                                                                                                     
  22    504                                                                                                                                                                                                                                                     
  23    511                                                                                                                                                                                                                                                     
  24    518                                                                                                                                                                                                                                                     
  25    527                                                                                                                                                                                                                                                     
  26    536                                                                                                                                                                                                                                                     
  27    547                                                                                                                                                                                                                                                     
  28    561                                                                                                                                                                                                                                                     
  29    578                                                                                                                                                                                                                                                     
  30    598                                                                                                                                                                                                                                                     
  31    619                                                                                                                                                                                                                                                     
  32    645                                                                                                                                                                                                                                                     
  33    692                                                                                                                                                                                                                                                     
