NCR SS  TN GSTDZALL Final Content:SC Level:19 Form:G Other:CB (13SEP07)                                                                                                                                                                                         
   0    489                                                                                                                                                                                                                                                     
   1    489                                                                                                                                                                                                                                                     
   2    489                                                                                                                                                                                                                                                     
   3    489                                                                                                                                                                                                                                                     
   4    489                                                                                                                                                                                                                                                     
   5    489                                                                                                                                                                                                                                                     
   6    489                                                                                                                                                                                                                                                     
   7    489                                                                                                                                                                                                                                                     
   8    489                                                                                                                                                                                                                                                     
   9    586                                                                                                                                                                                                                                                     
  10    609                                                                                                                                                                                                                                                     
  11    623                                                                                                                                                                                                                                                     
  12    633                                                                                                                                                                                                                                                     
  13    642                                                                                                                                                                                                                                                     
  14    649                                                                                                                                                                                                                                                     
  15    655                                                                                                                                                                                                                                                     
  16    661                                                                                                                                                                                                                                                     
  17    666                                                                                                                                                                                                                                                     
  18    672                                                                                                                                                                                                                                                     
  19    676                                                                                                                                                                                                                                                     
  20    681                                                                                                                                                                                                                                                     
  21    686                                                                                                                                                                                                                                                     
  22    691                                                                                                                                                                                                                                                     
  23    695                                                                                                                                                                                                                                                     
  24    700                                                                                                                                                                                                                                                     
  25    704                                                                                                                                                                                                                                                     
  26    709                                                                                                                                                                                                                                                     
  27    714                                                                                                                                                                                                                                                     
  28    719                                                                                                                                                                                                                                                     
  29    724                                                                                                                                                                                                                                                     
  30    729                                                                                                                                                                                                                                                     
  31    735                                                                                                                                                                                                                                                     
  32    741                                                                                                                                                                                                                                                     
  33    748                                                                                                                                                                                                                                                     
  34    755                                                                                                                                                                                                                                                     
  35    764                                                                                                                                                                                                                                                     
  36    775                                                                                                                                                                                                                                                     
  37    789                                                                                                                                                                                                                                                     
  38    809                                                                                                                                                                                                                                                     
  39    848                                                                                                                                                                                                                                                     
  40    870                                                                                                                                                                                                                                                     
