NCR SS  TN GSTDZALL Final Content:SC Level:13 Form:G Other:CB (13SEP07)                                                                                                                                                                                         
   0    400                                                                                                                                                                                                                                                     
   1    400                                                                                                                                                                                                                                                     
   2    400                                                                                                                                                                                                                                                     
   3    400                                                                                                                                                                                                                                                     
   4    400                                                                                                                                                                                                                                                     
   5    400                                                                                                                                                                                                                                                     
   6    400                                                                                                                                                                                                                                                     
   7    439                                                                                                                                                                                                                                                     
   8    482                                                                                                                                                                                                                                                     
   9    501                                                                                                                                                                                                                                                     
  10    513                                                                                                                                                                                                                                                     
  11    523                                                                                                                                                                                                                                                     
  12    531                                                                                                                                                                                                                                                     
  13    539                                                                                                                                                                                                                                                     
  14    546                                                                                                                                                                                                                                                     
  15    553                                                                                                                                                                                                                                                     
  16    559                                                                                                                                                                                                                                                     
  17    565                                                                                                                                                                                                                                                     
  18    572                                                                                                                                                                                                                                                     
  19    578                                                                                                                                                                                                                                                     
  20    585                                                                                                                                                                                                                                                     
  21    591                                                                                                                                                                                                                                                     
  22    598                                                                                                                                                                                                                                                     
  23    605                                                                                                                                                                                                                                                     
  24    613                                                                                                                                                                                                                                                     
  25    621                                                                                                                                                                                                                                                     
  26    630                                                                                                                                                                                                                                                     
  27    639                                                                                                                                                                                                                                                     
  28    649                                                                                                                                                                                                                                                     
  29    660                                                                                                                                                                                                                                                     
  30    672                                                                                                                                                                                                                                                     
  31    686                                                                                                                                                                                                                                                     
  32    702                                                                                                                                                                                                                                                     
  33    723                                                                                                                                                                                                                                                     
  34    759                                                                                                                                                                                                                                                     
  35    759                                                                                                                                                                                                                                                     
