NCR SS  TN GSTDZALL Final Content:SC Level:20 Form:G Other:SV (13SEP07)                                                                                                                                                                                         
   0    501                                                                                                                                                                                                                                                     
   1    501                                                                                                                                                                                                                                                     
   2    501                                                                                                                                                                                                                                                     
   3    501                                                                                                                                                                                                                                                     
   4    501                                                                                                                                                                                                                                                     
   5    532                                                                                                                                                                                                                                                     
   6    608                                                                                                                                                                                                                                                     
   7    631                                                                                                                                                                                                                                                     
   8    644                                                                                                                                                                                                                                                     
   9    655                                                                                                                                                                                                                                                     
  10    663                                                                                                                                                                                                                                                     
  11    671                                                                                                                                                                                                                                                     
  12    678                                                                                                                                                                                                                                                     
  13    685                                                                                                                                                                                                                                                     
  14    691                                                                                                                                                                                                                                                     
  15    698                                                                                                                                                                                                                                                     
  16    704                                                                                                                                                                                                                                                     
  17    711                                                                                                                                                                                                                                                     
  18    718                                                                                                                                                                                                                                                     
  19    725                                                                                                                                                                                                                                                     
  20    733                                                                                                                                                                                                                                                     
  21    742                                                                                                                                                                                                                                                     
  22    753                                                                                                                                                                                                                                                     
  23    767                                                                                                                                                                                                                                                     
  24    790                                                                                                                                                                                                                                                     
  25    893                                                                                                                                                                                                                                                     
