NCR SS  TN GSTDZALL Final Content:SC Level:20 Form:G Other:MA (13SEP07)                                                                                                                                                                                         
   0    501                                                                                                                                                                                                                                                     
   1    501                                                                                                                                                                                                                                                     
   2    501                                                                                                                                                                                                                                                     
   3    501                                                                                                                                                                                                                                                     
   4    501                                                                                                                                                                                                                                                     
   5    501                                                                                                                                                                                                                                                     
   6    574                                                                                                                                                                                                                                                     
   7    602                                                                                                                                                                                                                                                     
   8    618                                                                                                                                                                                                                                                     
   9    630                                                                                                                                                                                                                                                     
  10    639                                                                                                                                                                                                                                                     
  11    646                                                                                                                                                                                                                                                     
  12    652                                                                                                                                                                                                                                                     
  13    658                                                                                                                                                                                                                                                     
  14    663                                                                                                                                                                                                                                                     
  15    668                                                                                                                                                                                                                                                     
  16    673                                                                                                                                                                                                                                                     
  17    677                                                                                                                                                                                                                                                     
  18    681                                                                                                                                                                                                                                                     
  19    685                                                                                                                                                                                                                                                     
  20    689                                                                                                                                                                                                                                                     
  21    693                                                                                                                                                                                                                                                     
  22    697                                                                                                                                                                                                                                                     
  23    701                                                                                                                                                                                                                                                     
  24    704                                                                                                                                                                                                                                                     
  25    708                                                                                                                                                                                                                                                     
  26    712                                                                                                                                                                                                                                                     
  27    716                                                                                                                                                                                                                                                     
  28    720                                                                                                                                                                                                                                                     
  29    724                                                                                                                                                                                                                                                     
  30    728                                                                                                                                                                                                                                                     
  31    733                                                                                                                                                                                                                                                     
  32    737                                                                                                                                                                                                                                                     
  33    742                                                                                                                                                                                                                                                     
  34    747                                                                                                                                                                                                                                                     
  35    753                                                                                                                                                                                                                                                     
  36    759                                                                                                                                                                                                                                                     
  37    766                                                                                                                                                                                                                                                     
  38    774                                                                                                                                                                                                                                                     
  39    784                                                                                                                                                                                                                                                     
  40    797                                                                                                                                                                                                                                                     
  41    817                                                                                                                                                                                                                                                     
  42    856                                                                                                                                                                                                                                                     
  43    893                                                                                                                                                                                                                                                     
