NCR SS  TN GSTDZALL Final Content:SC Level:18 Form:G Other:MA (13SEP07)                                                                                                                                                                                         
   0    487                                                                                                                                                                                                                                                     
   1    487                                                                                                                                                                                                                                                     
   2    487                                                                                                                                                                                                                                                     
   3    487                                                                                                                                                                                                                                                     
   4    487                                                                                                                                                                                                                                                     
   5    487                                                                                                                                                                                                                                                     
   6    561                                                                                                                                                                                                                                                     
   7    586                                                                                                                                                                                                                                                     
   8    601                                                                                                                                                                                                                                                     
   9    612                                                                                                                                                                                                                                                     
  10    622                                                                                                                                                                                                                                                     
  11    629                                                                                                                                                                                                                                                     
  12    636                                                                                                                                                                                                                                                     
  13    643                                                                                                                                                                                                                                                     
  14    649                                                                                                                                                                                                                                                     
  15    655                                                                                                                                                                                                                                                     
  16    660                                                                                                                                                                                                                                                     
  17    665                                                                                                                                                                                                                                                     
  18    670                                                                                                                                                                                                                                                     
  19    675                                                                                                                                                                                                                                                     
  20    680                                                                                                                                                                                                                                                     
  21    685                                                                                                                                                                                                                                                     
  22    690                                                                                                                                                                                                                                                     
  23    695                                                                                                                                                                                                                                                     
  24    700                                                                                                                                                                                                                                                     
  25    705                                                                                                                                                                                                                                                     
  26    710                                                                                                                                                                                                                                                     
  27    715                                                                                                                                                                                                                                                     
  28    720                                                                                                                                                                                                                                                     
  29    726                                                                                                                                                                                                                                                     
  30    731                                                                                                                                                                                                                                                     
  31    737                                                                                                                                                                                                                                                     
  32    742                                                                                                                                                                                                                                                     
  33    748                                                                                                                                                                                                                                                     
  34    755                                                                                                                                                                                                                                                     
  35    761                                                                                                                                                                                                                                                     
  36    769                                                                                                                                                                                                                                                     
  37    777                                                                                                                                                                                                                                                     
  38    788                                                                                                                                                                                                                                                     
  39    804                                                                                                                                                                                                                                                     
  40    831                                                                                                                                                                                                                                                     
  41    857                                                                                                                                                                                                                                                     
