NCR SS  TN GSTDZALL Final Content:SC Level:12 Form:G Other:CB (13SEP07)                                                                                                                                                                                         
   0    361                                                                                                                                                                                                                                                     
   1    361                                                                                                                                                                                                                                                     
   2    361                                                                                                                                                                                                                                                     
   3    361                                                                                                                                                                                                                                                     
   4    361                                                                                                                                                                                                                                                     
   5    361                                                                                                                                                                                                                                                     
   6    374                                                                                                                                                                                                                                                     
   7    423                                                                                                                                                                                                                                                     
   8    447                                                                                                                                                                                                                                                     
   9    463                                                                                                                                                                                                                                                     
  10    475                                                                                                                                                                                                                                                     
  11    486                                                                                                                                                                                                                                                     
  12    495                                                                                                                                                                                                                                                     
  13    505                                                                                                                                                                                                                                                     
  14    514                                                                                                                                                                                                                                                     
  15    524                                                                                                                                                                                                                                                     
  16    534                                                                                                                                                                                                                                                     
  17    546                                                                                                                                                                                                                                                     
  18    559                                                                                                                                                                                                                                                     
  19    572                                                                                                                                                                                                                                                     
  20    586                                                                                                                                                                                                                                                     
  21    602                                                                                                                                                                                                                                                     
  22    620                                                                                                                                                                                                                                                     
  23    643                                                                                                                                                                                                                                                     
  24    678                                                                                                                                                                                                                                                     
  25    743                                                                                                                                                                                                                                                     
