NCR SS  TN GSTDZALL Final Content:SC Level:16 Form:G Other:MA (13SEP07)                                                                                                                                                                                         
   0    473                                                                                                                                                                                                                                                     
   1    473                                                                                                                                                                                                                                                     
   2    473                                                                                                                                                                                                                                                     
   3    473                                                                                                                                                                                                                                                     
   4    473                                                                                                                                                                                                                                                     
   5    473                                                                                                                                                                                                                                                     
   6    522                                                                                                                                                                                                                                                     
   7    549                                                                                                                                                                                                                                                     
   8    565                                                                                                                                                                                                                                                     
   9    577                                                                                                                                                                                                                                                     
  10    586                                                                                                                                                                                                                                                     
  11    595                                                                                                                                                                                                                                                     
  12    602                                                                                                                                                                                                                                                     
  13    609                                                                                                                                                                                                                                                     
  14    615                                                                                                                                                                                                                                                     
  15    621                                                                                                                                                                                                                                                     
  16    627                                                                                                                                                                                                                                                     
  17    632                                                                                                                                                                                                                                                     
  18    638                                                                                                                                                                                                                                                     
  19    643                                                                                                                                                                                                                                                     
  20    648                                                                                                                                                                                                                                                     
  21    653                                                                                                                                                                                                                                                     
  22    658                                                                                                                                                                                                                                                     
  23    663                                                                                                                                                                                                                                                     
  24    667                                                                                                                                                                                                                                                     
  25    672                                                                                                                                                                                                                                                     
  26    677                                                                                                                                                                                                                                                     
  27    682                                                                                                                                                                                                                                                     
  28    687                                                                                                                                                                                                                                                     
  29    692                                                                                                                                                                                                                                                     
  30    697                                                                                                                                                                                                                                                     
  31    702                                                                                                                                                                                                                                                     
  32    708                                                                                                                                                                                                                                                     
  33    713                                                                                                                                                                                                                                                     
  34    719                                                                                                                                                                                                                                                     
  35    726                                                                                                                                                                                                                                                     
  36    733                                                                                                                                                                                                                                                     
  37    741                                                                                                                                                                                                                                                     
  38    750                                                                                                                                                                                                                                                     
  39    761                                                                                                                                                                                                                                                     
  40    775                                                                                                                                                                                                                                                     
  41    794                                                                                                                                                                                                                                                     
  42    830                                                                                                                                                                                                                                                     
  43    833                                                                                                                                                                                                                                                     
