NCR SS  TN GSTDZALL Final Content:SC Level:12 Form:G Other:MA (13SEP07)                                                                                                                                                                                         
   0    361                                                                                                                                                                                                                                                     
   1    361                                                                                                                                                                                                                                                     
   2    361                                                                                                                                                                                                                                                     
   3    361                                                                                                                                                                                                                                                     
   4    361                                                                                                                                                                                                                                                     
   5    361                                                                                                                                                                                                                                                     
   6    405                                                                                                                                                                                                                                                     
   7    429                                                                                                                                                                                                                                                     
   8    445                                                                                                                                                                                                                                                     
   9    457                                                                                                                                                                                                                                                     
  10    466                                                                                                                                                                                                                                                     
  11    475                                                                                                                                                                                                                                                     
  12    482                                                                                                                                                                                                                                                     
  13    489                                                                                                                                                                                                                                                     
  14    495                                                                                                                                                                                                                                                     
  15    502                                                                                                                                                                                                                                                     
  16    508                                                                                                                                                                                                                                                     
  17    514                                                                                                                                                                                                                                                     
  18    521                                                                                                                                                                                                                                                     
  19    528                                                                                                                                                                                                                                                     
  20    536                                                                                                                                                                                                                                                     
  21    544                                                                                                                                                                                                                                                     
  22    553                                                                                                                                                                                                                                                     
  23    562                                                                                                                                                                                                                                                     
  24    573                                                                                                                                                                                                                                                     
  25    585                                                                                                                                                                                                                                                     
  26    598                                                                                                                                                                                                                                                     
  27    613                                                                                                                                                                                                                                                     
  28    629                                                                                                                                                                                                                                                     
  29    650                                                                                                                                                                                                                                                     
  30    683                                                                                                                                                                                                                                                     
  31    743                                                                                                                                                                                                                                                     
