NCR SS  TN GSTDZALL Final Content:SC Level:15 Form:G Other:CB (13SEP07)                                                                                                                                                                                         
   0    440                                                                                                                                                                                                                                                     
   1    440                                                                                                                                                                                                                                                     
   2    440                                                                                                                                                                                                                                                     
   3    440                                                                                                                                                                                                                                                     
   4    440                                                                                                                                                                                                                                                     
   5    440                                                                                                                                                                                                                                                     
   6    440                                                                                                                                                                                                                                                     
   7    440                                                                                                                                                                                                                                                     
   8    440                                                                                                                                                                                                                                                     
   9    504                                                                                                                                                                                                                                                     
  10    538                                                                                                                                                                                                                                                     
  11    557                                                                                                                                                                                                                                                     
  12    570                                                                                                                                                                                                                                                     
  13    580                                                                                                                                                                                                                                                     
  14    589                                                                                                                                                                                                                                                     
  15    597                                                                                                                                                                                                                                                     
  16    604                                                                                                                                                                                                                                                     
  17    611                                                                                                                                                                                                                                                     
  18    617                                                                                                                                                                                                                                                     
  19    623                                                                                                                                                                                                                                                     
  20    629                                                                                                                                                                                                                                                     
  21    634                                                                                                                                                                                                                                                     
  22    639                                                                                                                                                                                                                                                     
  23    644                                                                                                                                                                                                                                                     
  24    649                                                                                                                                                                                                                                                     
  25    654                                                                                                                                                                                                                                                     
  26    659                                                                                                                                                                                                                                                     
  27    663                                                                                                                                                                                                                                                     
  28    668                                                                                                                                                                                                                                                     
  29    673                                                                                                                                                                                                                                                     
  30    678                                                                                                                                                                                                                                                     
  31    683                                                                                                                                                                                                                                                     
  32    689                                                                                                                                                                                                                                                     
  33    695                                                                                                                                                                                                                                                     
  34    702                                                                                                                                                                                                                                                     
  35    709                                                                                                                                                                                                                                                     
  36    718                                                                                                                                                                                                                                                     
  37    729                                                                                                                                                                                                                                                     
  38    746                                                                                                                                                                                                                                                     
  39    781                                                                                                                                                                                                                                                     
  40    809                                                                                                                                                                                                                                                     
