NCR SS  TN GSTDZALL Final Content:SC Level:21 Form:G Other:SV (13SEP07)                                                                                                                                                                                         
   0    538                                                                                                                                                                                                                                                     
   1    538                                                                                                                                                                                                                                                     
   2    538                                                                                                                                                                                                                                                     
   3    538                                                                                                                                                                                                                                                     
   4    538                                                                                                                                                                                                                                                     
   5    566                                                                                                                                                                                                                                                     
   6    629                                                                                                                                                                                                                                                     
   7    654                                                                                                                                                                                                                                                     
   8    670                                                                                                                                                                                                                                                     
   9    682                                                                                                                                                                                                                                                     
  10    693                                                                                                                                                                                                                                                     
  11    703                                                                                                                                                                                                                                                     
  12    711                                                                                                                                                                                                                                                     
  13    719                                                                                                                                                                                                                                                     
  14    727                                                                                                                                                                                                                                                     
  15    734                                                                                                                                                                                                                                                     
  16    741                                                                                                                                                                                                                                                     
  17    748                                                                                                                                                                                                                                                     
  18    754                                                                                                                                                                                                                                                     
  19    760                                                                                                                                                                                                                                                     
  20    766                                                                                                                                                                                                                                                     
  21    774                                                                                                                                                                                                                                                     
  22    783                                                                                                                                                                                                                                                     
  23    796                                                                                                                                                                                                                                                     
  24    819                                                                                                                                                                                                                                                     
  25    910                                                                                                                                                                                                                                                     
