NCR SS  TN GSTDZALL Final Content:SC Level:21 Form:G Other:MA (13SEP07)                                                                                                                                                                                         
   0    538                                                                                                                                                                                                                                                     
   1    538                                                                                                                                                                                                                                                     
   2    538                                                                                                                                                                                                                                                     
   3    538                                                                                                                                                                                                                                                     
   4    538                                                                                                                                                                                                                                                     
   5    538                                                                                                                                                                                                                                                     
   6    589                                                                                                                                                                                                                                                     
   7    617                                                                                                                                                                                                                                                     
   8    636                                                                                                                                                                                                                                                     
   9    650                                                                                                                                                                                                                                                     
  10    661                                                                                                                                                                                                                                                     
  11    670                                                                                                                                                                                                                                                     
  12    678                                                                                                                                                                                                                                                     
  13    685                                                                                                                                                                                                                                                     
  14    691                                                                                                                                                                                                                                                     
  15    697                                                                                                                                                                                                                                                     
  16    703                                                                                                                                                                                                                                                     
  17    708                                                                                                                                                                                                                                                     
  18    713                                                                                                                                                                                                                                                     
  19    717                                                                                                                                                                                                                                                     
  20    722                                                                                                                                                                                                                                                     
  21    726                                                                                                                                                                                                                                                     
  22    730                                                                                                                                                                                                                                                     
  23    735                                                                                                                                                                                                                                                     
  24    739                                                                                                                                                                                                                                                     
  25    743                                                                                                                                                                                                                                                     
  26    746                                                                                                                                                                                                                                                     
  27    750                                                                                                                                                                                                                                                     
  28    754                                                                                                                                                                                                                                                     
  29    758                                                                                                                                                                                                                                                     
  30    762                                                                                                                                                                                                                                                     
  31    766                                                                                                                                                                                                                                                     
  32    770                                                                                                                                                                                                                                                     
  33    774                                                                                                                                                                                                                                                     
  34    779                                                                                                                                                                                                                                                     
  35    785                                                                                                                                                                                                                                                     
  36    791                                                                                                                                                                                                                                                     
  37    798                                                                                                                                                                                                                                                     
  38    807                                                                                                                                                                                                                                                     
  39    819                                                                                                                                                                                                                                                     
  40    835                                                                                                                                                                                                                                                     
  41    864                                                                                                                                                                                                                                                     
  42    910                                                                                                                                                                                                                                                     
