NCR SS  TN GSTDZALL Final Content:SC Level:14 Form:G Other:SV (13SEP07)                                                                                                                                                                                         
   0    421                                                                                                                                                                                                                                                     
   1    421                                                                                                                                                                                                                                                     
   2    421                                                                                                                                                                                                                                                     
   3    421                                                                                                                                                                                                                                                     
   4    421                                                                                                                                                                                                                                                     
   5    421                                                                                                                                                                                                                                                     
   6    489                                                                                                                                                                                                                                                     
   7    526                                                                                                                                                                                                                                                     
   8    547                                                                                                                                                                                                                                                     
   9    562                                                                                                                                                                                                                                                     
  10    574                                                                                                                                                                                                                                                     
  11    584                                                                                                                                                                                                                                                     
  12    593                                                                                                                                                                                                                                                     
  13    601                                                                                                                                                                                                                                                     
  14    608                                                                                                                                                                                                                                                     
  15    616                                                                                                                                                                                                                                                     
  16    623                                                                                                                                                                                                                                                     
  17    631                                                                                                                                                                                                                                                     
  18    640                                                                                                                                                                                                                                                     
  19    649                                                                                                                                                                                                                                                     
  20    659                                                                                                                                                                                                                                                     
  21    671                                                                                                                                                                                                                                                     
  22    684                                                                                                                                                                                                                                                     
  23    699                                                                                                                                                                                                                                                     
  24    721                                                                                                                                                                                                                                                     
  25    799                                                                                                                                                                                                                                                     
