NCR SS  TN GSTDZALL Final Content:SC Level:14 Form:G Other:CB (13SEP07)                                                                                                                                                                                         
   0    421                                                                                                                                                                                                                                                     
   1    421                                                                                                                                                                                                                                                     
   2    421                                                                                                                                                                                                                                                     
   3    421                                                                                                                                                                                                                                                     
   4    421                                                                                                                                                                                                                                                     
   5    421                                                                                                                                                                                                                                                     
   6    421                                                                                                                                                                                                                                                     
   7    421                                                                                                                                                                                                                                                     
   8    421                                                                                                                                                                                                                                                     
   9    463                                                                                                                                                                                                                                                     
  10    510                                                                                                                                                                                                                                                     
  11    532                                                                                                                                                                                                                                                     
  12    547                                                                                                                                                                                                                                                     
  13    559                                                                                                                                                                                                                                                     
  14    569                                                                                                                                                                                                                                                     
  15    578                                                                                                                                                                                                                                                     
  16    586                                                                                                                                                                                                                                                     
  17    593                                                                                                                                                                                                                                                     
  18    599                                                                                                                                                                                                                                                     
  19    606                                                                                                                                                                                                                                                     
  20    611                                                                                                                                                                                                                                                     
  21    617                                                                                                                                                                                                                                                     
  22    622                                                                                                                                                                                                                                                     
  23    628                                                                                                                                                                                                                                                     
  24    633                                                                                                                                                                                                                                                     
  25    638                                                                                                                                                                                                                                                     
  26    644                                                                                                                                                                                                                                                     
  27    649                                                                                                                                                                                                                                                     
  28    655                                                                                                                                                                                                                                                     
  29    661                                                                                                                                                                                                                                                     
  30    667                                                                                                                                                                                                                                                     
  31    673                                                                                                                                                                                                                                                     
  32    680                                                                                                                                                                                                                                                     
  33    687                                                                                                                                                                                                                                                     
  34    695                                                                                                                                                                                                                                                     
  35    704                                                                                                                                                                                                                                                     
  36    714                                                                                                                                                                                                                                                     
  37    726                                                                                                                                                                                                                                                     
  38    744                                                                                                                                                                                                                                                     
  39    777                                                                                                                                                                                                                                                     
  40    799                                                                                                                                                                                                                                                     
