NCR SS  TN GSTDZALL Final Content:SC Level:14 Form:G Other:MA (13SEP07)                                                                                                                                                                                         
   0    421                                                                                                                                                                                                                                                     
   1    421                                                                                                                                                                                                                                                     
   2    421                                                                                                                                                                                                                                                     
   3    421                                                                                                                                                                                                                                                     
   4    421                                                                                                                                                                                                                                                     
   5    421                                                                                                                                                                                                                                                     
   6    473                                                                                                                                                                                                                                                     
   7    508                                                                                                                                                                                                                                                     
   8    527                                                                                                                                                                                                                                                     
   9    540                                                                                                                                                                                                                                                     
  10    550                                                                                                                                                                                                                                                     
  11    558                                                                                                                                                                                                                                                     
  12    566                                                                                                                                                                                                                                                     
  13    572                                                                                                                                                                                                                                                     
  14    578                                                                                                                                                                                                                                                     
  15    584                                                                                                                                                                                                                                                     
  16    589                                                                                                                                                                                                                                                     
  17    593                                                                                                                                                                                                                                                     
  18    598                                                                                                                                                                                                                                                     
  19    602                                                                                                                                                                                                                                                     
  20    607                                                                                                                                                                                                                                                     
  21    611                                                                                                                                                                                                                                                     
  22    615                                                                                                                                                                                                                                                     
  23    619                                                                                                                                                                                                                                                     
  24    623                                                                                                                                                                                                                                                     
  25    628                                                                                                                                                                                                                                                     
  26    632                                                                                                                                                                                                                                                     
  27    636                                                                                                                                                                                                                                                     
  28    640                                                                                                                                                                                                                                                     
  29    645                                                                                                                                                                                                                                                     
  30    649                                                                                                                                                                                                                                                     
  31    654                                                                                                                                                                                                                                                     
  32    659                                                                                                                                                                                                                                                     
  33    664                                                                                                                                                                                                                                                     
  34    669                                                                                                                                                                                                                                                     
  35    675                                                                                                                                                                                                                                                     
  36    681                                                                                                                                                                                                                                                     
  37    688                                                                                                                                                                                                                                                     
  38    695                                                                                                                                                                                                                                                     
  39    704                                                                                                                                                                                                                                                     
  40    715                                                                                                                                                                                                                                                     
  41    729                                                                                                                                                                                                                                                     
  42    753                                                                                                                                                                                                                                                     
  43    799                                                                                                                                                                                                                                                     
