NCR SS  TN GSTDZALL Final Content:SC Level:17 Form:G Other:CB (13SEP07)                                                                                                                                                                                         
   0    483                                                                                                                                                                                                                                                     
   1    483                                                                                                                                                                                                                                                     
   2    483                                                                                                                                                                                                                                                     
   3    483                                                                                                                                                                                                                                                     
   4    483                                                                                                                                                                                                                                                     
   5    483                                                                                                                                                                                                                                                     
   6    483                                                                                                                                                                                                                                                     
   7    483                                                                                                                                                                                                                                                     
   8    509                                                                                                                                                                                                                                                     
   9    566                                                                                                                                                                                                                                                     
  10    588                                                                                                                                                                                                                                                     
  11    602                                                                                                                                                                                                                                                     
  12    611                                                                                                                                                                                                                                                     
  13    619                                                                                                                                                                                                                                                     
  14    626                                                                                                                                                                                                                                                     
  15    632                                                                                                                                                                                                                                                     
  16    638                                                                                                                                                                                                                                                     
  17    643                                                                                                                                                                                                                                                     
  18    648                                                                                                                                                                                                                                                     
  19    653                                                                                                                                                                                                                                                     
  20    658                                                                                                                                                                                                                                                     
  21    662                                                                                                                                                                                                                                                     
  22    667                                                                                                                                                                                                                                                     
  23    671                                                                                                                                                                                                                                                     
  24    676                                                                                                                                                                                                                                                     
  25    680                                                                                                                                                                                                                                                     
  26    685                                                                                                                                                                                                                                                     
  27    689                                                                                                                                                                                                                                                     
  28    694                                                                                                                                                                                                                                                     
  29    699                                                                                                                                                                                                                                                     
  30    704                                                                                                                                                                                                                                                     
  31    709                                                                                                                                                                                                                                                     
  32    714                                                                                                                                                                                                                                                     
  33    720                                                                                                                                                                                                                                                     
  34    727                                                                                                                                                                                                                                                     
  35    735                                                                                                                                                                                                                                                     
  36    745                                                                                                                                                                                                                                                     
  37    759                                                                                                                                                                                                                                                     
  38    778                                                                                                                                                                                                                                                     
  39    816                                                                                                                                                                                                                                                     
  40    842                                                                                                                                                                                                                                                     
