NCR SS  TN GSTDZALL Final Content:SC Level:17 Form:G Other:SV (13SEP07)                                                                                                                                                                                         
   0    483                                                                                                                                                                                                                                                     
   1    483                                                                                                                                                                                                                                                     
   2    483                                                                                                                                                                                                                                                     
   3    483                                                                                                                                                                                                                                                     
   4    483                                                                                                                                                                                                                                                     
   5    548                                                                                                                                                                                                                                                     
   6    587                                                                                                                                                                                                                                                     
   7    604                                                                                                                                                                                                                                                     
   8    615                                                                                                                                                                                                                                                     
   9    625                                                                                                                                                                                                                                                     
  10    632                                                                                                                                                                                                                                                     
  11    640                                                                                                                                                                                                                                                     
  12    646                                                                                                                                                                                                                                                     
  13    653                                                                                                                                                                                                                                                     
  14    659                                                                                                                                                                                                                                                     
  15    666                                                                                                                                                                                                                                                     
  16    673                                                                                                                                                                                                                                                     
  17    679                                                                                                                                                                                                                                                     
  18    687                                                                                                                                                                                                                                                     
  19    695                                                                                                                                                                                                                                                     
  20    703                                                                                                                                                                                                                                                     
  21    714                                                                                                                                                                                                                                                     
  22    727                                                                                                                                                                                                                                                     
  23    746                                                                                                                                                                                                                                                     
  24    783                                                                                                                                                                                                                                                     
  25    842                                                                                                                                                                                                                                                     
