NCR SS  TN GSTDZALL Final Content:SC Level:15 Form:G Other:MA (13SEP07)                                                                                                                                                                                         
   0    440                                                                                                                                                                                                                                                     
   1    440                                                                                                                                                                                                                                                     
   2    440                                                                                                                                                                                                                                                     
   3    440                                                                                                                                                                                                                                                     
   4    440                                                                                                                                                                                                                                                     
   5    440                                                                                                                                                                                                                                                     
   6    505                                                                                                                                                                                                                                                     
   7    538                                                                                                                                                                                                                                                     
   8    556                                                                                                                                                                                                                                                     
   9    568                                                                                                                                                                                                                                                     
  10    578                                                                                                                                                                                                                                                     
  11    587                                                                                                                                                                                                                                                     
  12    594                                                                                                                                                                                                                                                     
  13    601                                                                                                                                                                                                                                                     
  14    607                                                                                                                                                                                                                                                     
  15    613                                                                                                                                                                                                                                                     
  16    619                                                                                                                                                                                                                                                     
  17    624                                                                                                                                                                                                                                                     
  18    629                                                                                                                                                                                                                                                     
  19    634                                                                                                                                                                                                                                                     
  20    639                                                                                                                                                                                                                                                     
  21    643                                                                                                                                                                                                                                                     
  22    648                                                                                                                                                                                                                                                     
  23    652                                                                                                                                                                                                                                                     
  24    657                                                                                                                                                                                                                                                     
  25    661                                                                                                                                                                                                                                                     
  26    665                                                                                                                                                                                                                                                     
  27    669                                                                                                                                                                                                                                                     
  28    674                                                                                                                                                                                                                                                     
  29    678                                                                                                                                                                                                                                                     
  30    682                                                                                                                                                                                                                                                     
  31    687                                                                                                                                                                                                                                                     
  32    691                                                                                                                                                                                                                                                     
  33    696                                                                                                                                                                                                                                                     
  34    701                                                                                                                                                                                                                                                     
  35    706                                                                                                                                                                                                                                                     
  36    712                                                                                                                                                                                                                                                     
  37    719                                                                                                                                                                                                                                                     
  38    727                                                                                                                                                                                                                                                     
  39    737                                                                                                                                                                                                                                                     
  40    751                                                                                                                                                                                                                                                     
  41    776                                                                                                                                                                                                                                                     
  42    809                                                                                                                                                                                                                                                     
