NCR SS  TN GSTDZALL Final Content:SC Level:13 Form:G Other:MA (13SEP07)                                                                                                                                                                                         
   0    400                                                                                                                                                                                                                                                     
   1    400                                                                                                                                                                                                                                                     
   2    400                                                                                                                                                                                                                                                     
   3    400                                                                                                                                                                                                                                                     
   4    416                                                                                                                                                                                                                                                     
   5    469                                                                                                                                                                                                                                                     
   6    490                                                                                                                                                                                                                                                     
   7    503                                                                                                                                                                                                                                                     
   8    513                                                                                                                                                                                                                                                     
   9    522                                                                                                                                                                                                                                                     
  10    529                                                                                                                                                                                                                                                     
  11    536                                                                                                                                                                                                                                                     
  12    542                                                                                                                                                                                                                                                     
  13    548                                                                                                                                                                                                                                                     
  14    554                                                                                                                                                                                                                                                     
  15    560                                                                                                                                                                                                                                                     
  16    565                                                                                                                                                                                                                                                     
  17    571                                                                                                                                                                                                                                                     
  18    576                                                                                                                                                                                                                                                     
  19    582                                                                                                                                                                                                                                                     
  20    587                                                                                                                                                                                                                                                     
  21    593                                                                                                                                                                                                                                                     
  22    599                                                                                                                                                                                                                                                     
  23    605                                                                                                                                                                                                                                                     
  24    611                                                                                                                                                                                                                                                     
  25    618                                                                                                                                                                                                                                                     
  26    625                                                                                                                                                                                                                                                     
  27    632                                                                                                                                                                                                                                                     
  28    640                                                                                                                                                                                                                                                     
  29    648                                                                                                                                                                                                                                                     
  30    658                                                                                                                                                                                                                                                     
  31    668                                                                                                                                                                                                                                                     
  32    680                                                                                                                                                                                                                                                     
  33    695                                                                                                                                                                                                                                                     
  34    715                                                                                                                                                                                                                                                     
  35    747                                                                                                                                                                                                                                                     
  36    759                                                                                                                                                                                                                                                     
