NCR SS  TN GSTDZALL Final Content:SC Level:16 Form:G Other:CB (13SEP07)                                                                                                                                                                                         
   0    473                                                                                                                                                                                                                                                     
   1    473                                                                                                                                                                                                                                                     
   2    473                                                                                                                                                                                                                                                     
   3    473                                                                                                                                                                                                                                                     
   4    473                                                                                                                                                                                                                                                     
   5    473                                                                                                                                                                                                                                                     
   6    473                                                                                                                                                                                                                                                     
   7    473                                                                                                                                                                                                                                                     
   8    514                                                                                                                                                                                                                                                     
   9    551                                                                                                                                                                                                                                                     
  10    569                                                                                                                                                                                                                                                     
  11    582                                                                                                                                                                                                                                                     
  12    592                                                                                                                                                                                                                                                     
  13    601                                                                                                                                                                                                                                                     
  14    608                                                                                                                                                                                                                                                     
  15    616                                                                                                                                                                                                                                                     
  16    622                                                                                                                                                                                                                                                     
  17    628                                                                                                                                                                                                                                                     
  18    634                                                                                                                                                                                                                                                     
  19    640                                                                                                                                                                                                                                                     
  20    645                                                                                                                                                                                                                                                     
  21    651                                                                                                                                                                                                                                                     
  22    656                                                                                                                                                                                                                                                     
  23    660                                                                                                                                                                                                                                                     
  24    665                                                                                                                                                                                                                                                     
  25    670                                                                                                                                                                                                                                                     
  26    675                                                                                                                                                                                                                                                     
  27    679                                                                                                                                                                                                                                                     
  28    684                                                                                                                                                                                                                                                     
  29    689                                                                                                                                                                                                                                                     
  30    694                                                                                                                                                                                                                                                     
  31    699                                                                                                                                                                                                                                                     
  32    704                                                                                                                                                                                                                                                     
  33    710                                                                                                                                                                                                                                                     
  34    717                                                                                                                                                                                                                                                     
  35    724                                                                                                                                                                                                                                                     
  36    733                                                                                                                                                                                                                                                     
  37    745                                                                                                                                                                                                                                                     
  38    764                                                                                                                                                                                                                                                     
  39    801                                                                                                                                                                                                                                                     
  40    833                                                                                                                                                                                                                                                     
