NCR SS  TN GSTDZALL Final Content:SC Level:19 Form:G Other:SV (13SEP07)                                                                                                                                                                                         
   0    489                                                                                                                                                                                                                                                     
   1    489                                                                                                                                                                                                                                                     
   2    489                                                                                                                                                                                                                                                     
   3    489                                                                                                                                                                                                                                                     
   4    489                                                                                                                                                                                                                                                     
   5    522                                                                                                                                                                                                                                                     
   6    603                                                                                                                                                                                                                                                     
   7    625                                                                                                                                                                                                                                                     
   8    638                                                                                                                                                                                                                                                     
   9    649                                                                                                                                                                                                                                                     
  10    658                                                                                                                                                                                                                                                     
  11    666                                                                                                                                                                                                                                                     
  12    673                                                                                                                                                                                                                                                     
  13    680                                                                                                                                                                                                                                                     
  14    687                                                                                                                                                                                                                                                     
  15    694                                                                                                                                                                                                                                                     
  16    701                                                                                                                                                                                                                                                     
  17    708                                                                                                                                                                                                                                                     
  18    716                                                                                                                                                                                                                                                     
  19    724                                                                                                                                                                                                                                                     
  20    733                                                                                                                                                                                                                                                     
  21    743                                                                                                                                                                                                                                                     
  22    755                                                                                                                                                                                                                                                     
  23    772                                                                                                                                                                                                                                                     
  24    803                                                                                                                                                                                                                                                     
  25    870                                                                                                                                                                                                                                                     
