NCR SS  TN GSTDZALL Final Content:SC Level:20 Form:G Other:CB (13SEP07)                                                                                                                                                                                         
   0    501                                                                                                                                                                                                                                                     
   1    501                                                                                                                                                                                                                                                     
   2    501                                                                                                                                                                                                                                                     
   3    501                                                                                                                                                                                                                                                     
   4    501                                                                                                                                                                                                                                                     
   5    501                                                                                                                                                                                                                                                     
   6    501                                                                                                                                                                                                                                                     
   7    501                                                                                                                                                                                                                                                     
   8    501                                                                                                                                                                                                                                                     
   9    591                                                                                                                                                                                                                                                     
  10    619                                                                                                                                                                                                                                                     
  11    634                                                                                                                                                                                                                                                     
  12    645                                                                                                                                                                                                                                                     
  13    653                                                                                                                                                                                                                                                     
  14    660                                                                                                                                                                                                                                                     
  15    667                                                                                                                                                                                                                                                     
  16    672                                                                                                                                                                                                                                                     
  17    678                                                                                                                                                                                                                                                     
  18    683                                                                                                                                                                                                                                                     
  19    688                                                                                                                                                                                                                                                     
  20    692                                                                                                                                                                                                                                                     
  21    697                                                                                                                                                                                                                                                     
  22    702                                                                                                                                                                                                                                                     
  23    706                                                                                                                                                                                                                                                     
  24    711                                                                                                                                                                                                                                                     
  25    716                                                                                                                                                                                                                                                     
  26    720                                                                                                                                                                                                                                                     
  27    725                                                                                                                                                                                                                                                     
  28    729                                                                                                                                                                                                                                                     
  29    734                                                                                                                                                                                                                                                     
  30    739                                                                                                                                                                                                                                                     
  31    743                                                                                                                                                                                                                                                     
  32    748                                                                                                                                                                                                                                                     
  33    753                                                                                                                                                                                                                                                     
  34    758                                                                                                                                                                                                                                                     
  35    763                                                                                                                                                                                                                                                     
  36    769                                                                                                                                                                                                                                                     
  37    777                                                                                                                                                                                                                                                     
  38    789                                                                                                                                                                                                                                                     
  39    809                                                                                                                                                                                                                                                     
  40    893                                                                                                                                                                                                                                                     
