NCR SS  TN GSTDZALL Final Content:SC Level:17 Form:G Other:MA (13SEP07)                                                                                                                                                                                         
   0    483                                                                                                                                                                                                                                                     
   1    483                                                                                                                                                                                                                                                     
   2    483                                                                                                                                                                                                                                                     
   3    483                                                                                                                                                                                                                                                     
   4    483                                                                                                                                                                                                                                                     
   5    538                                                                                                                                                                                                                                                     
   6    577                                                                                                                                                                                                                                                     
   7    594                                                                                                                                                                                                                                                     
   8    606                                                                                                                                                                                                                                                     
   9    614                                                                                                                                                                                                                                                     
  10    622                                                                                                                                                                                                                                                     
  11    628                                                                                                                                                                                                                                                     
  12    633                                                                                                                                                                                                                                                     
  13    638                                                                                                                                                                                                                                                     
  14    643                                                                                                                                                                                                                                                     
  15    648                                                                                                                                                                                                                                                     
  16    652                                                                                                                                                                                                                                                     
  17    656                                                                                                                                                                                                                                                     
  18    660                                                                                                                                                                                                                                                     
  19    664                                                                                                                                                                                                                                                     
  20    668                                                                                                                                                                                                                                                     
  21    672                                                                                                                                                                                                                                                     
  22    676                                                                                                                                                                                                                                                     
  23    680                                                                                                                                                                                                                                                     
  24    684                                                                                                                                                                                                                                                     
  25    688                                                                                                                                                                                                                                                     
  26    692                                                                                                                                                                                                                                                     
  27    696                                                                                                                                                                                                                                                     
  28    700                                                                                                                                                                                                                                                     
  29    704                                                                                                                                                                                                                                                     
  30    709                                                                                                                                                                                                                                                     
  31    714                                                                                                                                                                                                                                                     
  32    719                                                                                                                                                                                                                                                     
  33    724                                                                                                                                                                                                                                                     
  34    731                                                                                                                                                                                                                                                     
  35    738                                                                                                                                                                                                                                                     
  36    746                                                                                                                                                                                                                                                     
  37    755                                                                                                                                                                                                                                                     
  38    768                                                                                                                                                                                                                                                     
  39    786                                                                                                                                                                                                                                                     
  40    817                                                                                                                                                                                                                                                     
  41    842                                                                                                                                                                                                                                                     
