NCR SS  TN GSTDZALL Final Content:SC Level:18 Form:G Other:SV (13SEP07)                                                                                                                                                                                         
   0    487                                                                                                                                                                                                                                                     
   1    487                                                                                                                                                                                                                                                     
   2    487                                                                                                                                                                                                                                                     
   3    487                                                                                                                                                                                                                                                     
   4    487                                                                                                                                                                                                                                                     
   5    487                                                                                                                                                                                                                                                     
   6    576                                                                                                                                                                                                                                                     
   7    600                                                                                                                                                                                                                                                     
   8    616                                                                                                                                                                                                                                                     
   9    628                                                                                                                                                                                                                                                     
  10    638                                                                                                                                                                                                                                                     
  11    647                                                                                                                                                                                                                                                     
  12    656                                                                                                                                                                                                                                                     
  13    664                                                                                                                                                                                                                                                     
  14    673                                                                                                                                                                                                                                                     
  15    681                                                                                                                                                                                                                                                     
  16    689                                                                                                                                                                                                                                                     
  17    697                                                                                                                                                                                                                                                     
  18    705                                                                                                                                                                                                                                                     
  19    715                                                                                                                                                                                                                                                     
  20    725                                                                                                                                                                                                                                                     
  21    736                                                                                                                                                                                                                                                     
  22    750                                                                                                                                                                                                                                                     
  23    766                                                                                                                                                                                                                                                     
  24    790                                                                                                                                                                                                                                                     
  25    857                                                                                                                                                                                                                                                     
