NCR SS  TN GSTDZALL Final Content:SC Level:19 Form:G Other:MA (13SEP07)                                                                                                                                                                                         
   0    489                                                                                                                                                                                                                                                     
   1    489                                                                                                                                                                                                                                                     
   2    489                                                                                                                                                                                                                                                     
   3    489                                                                                                                                                                                                                                                     
   4    489                                                                                                                                                                                                                                                     
   5    506                                                                                                                                                                                                                                                     
   6    591                                                                                                                                                                                                                                                     
   7    614                                                                                                                                                                                                                                                     
   8    627                                                                                                                                                                                                                                                     
   9    638                                                                                                                                                                                                                                                     
  10    646                                                                                                                                                                                                                                                     
  11    654                                                                                                                                                                                                                                                     
  12    660                                                                                                                                                                                                                                                     
  13    666                                                                                                                                                                                                                                                     
  14    672                                                                                                                                                                                                                                                     
  15    677                                                                                                                                                                                                                                                     
  16    682                                                                                                                                                                                                                                                     
  17    687                                                                                                                                                                                                                                                     
  18    692                                                                                                                                                                                                                                                     
  19    697                                                                                                                                                                                                                                                     
  20    702                                                                                                                                                                                                                                                     
  21    707                                                                                                                                                                                                                                                     
  22    712                                                                                                                                                                                                                                                     
  23    717                                                                                                                                                                                                                                                     
  24    722                                                                                                                                                                                                                                                     
  25    727                                                                                                                                                                                                                                                     
  26    732                                                                                                                                                                                                                                                     
  27    738                                                                                                                                                                                                                                                     
  28    743                                                                                                                                                                                                                                                     
  29    748                                                                                                                                                                                                                                                     
  30    754                                                                                                                                                                                                                                                     
  31    760                                                                                                                                                                                                                                                     
  32    766                                                                                                                                                                                                                                                     
  33    773                                                                                                                                                                                                                                                     
  34    781                                                                                                                                                                                                                                                     
  35    790                                                                                                                                                                                                                                                     
  36    801                                                                                                                                                                                                                                                     
  37    817                                                                                                                                                                                                                                                     
  38    844                                                                                                                                                                                                                                                     
  39    870                                                                                                                                                                                                                                                     
