NCR SS  TN GSTDZALL Final Content:SS Level:19 Form:G Other:CB (13SEP07)                                                                                                                                                                                         
   0    530                                                                                                                                                                                                                                                     
   1    530                                                                                                                                                                                                                                                     
   2    530                                                                                                                                                                                                                                                     
   3    530                                                                                                                                                                                                                                                     
   4    530                                                                                                                                                                                                                                                     
   5    530                                                                                                                                                                                                                                                     
   6    530                                                                                                                                                                                                                                                     
   7    530                                                                                                                                                                                                                                                     
   8    530                                                                                                                                                                                                                                                     
   9    597                                                                                                                                                                                                                                                     
  10    625                                                                                                                                                                                                                                                     
  11    637                                                                                                                                                                                                                                                     
  12    645                                                                                                                                                                                                                                                     
  13    651                                                                                                                                                                                                                                                     
  14    656                                                                                                                                                                                                                                                     
  15    661                                                                                                                                                                                                                                                     
  16    665                                                                                                                                                                                                                                                     
  17    668                                                                                                                                                                                                                                                     
  18    672                                                                                                                                                                                                                                                     
  19    675                                                                                                                                                                                                                                                     
  20    678                                                                                                                                                                                                                                                     
  21    681                                                                                                                                                                                                                                                     
  22    684                                                                                                                                                                                                                                                     
  23    687                                                                                                                                                                                                                                                     
  24    690                                                                                                                                                                                                                                                     
  25    693                                                                                                                                                                                                                                                     
  26    696                                                                                                                                                                                                                                                     
  27    699                                                                                                                                                                                                                                                     
  28    703                                                                                                                                                                                                                                                     
  29    706                                                                                                                                                                                                                                                     
  30    710                                                                                                                                                                                                                                                     
  31    713                                                                                                                                                                                                                                                     
  32    717                                                                                                                                                                                                                                                     
  33    722                                                                                                                                                                                                                                                     
  34    727                                                                                                                                                                                                                                                     
  35    732                                                                                                                                                                                                                                                     
  36    738                                                                                                                                                                                                                                                     
  37    746                                                                                                                                                                                                                                                     
  38    757                                                                                                                                                                                                                                                     
  39    775                                                                                                                                                                                                                                                     
  40    813                                                                                                                                                                                                                                                     
