NCR SS  TN GSTDZALL Final Content:SS Level:20 Form:G Other:MA (13SEP07)                                                                                                                                                                                         
   0    548                                                                                                                                                                                                                                                     
   1    548                                                                                                                                                                                                                                                     
   2    548                                                                                                                                                                                                                                                     
   3    548                                                                                                                                                                                                                                                     
   4    548                                                                                                                                                                                                                                                     
   5    572                                                                                                                                                                                                                                                     
   6    609                                                                                                                                                                                                                                                     
   7    625                                                                                                                                                                                                                                                     
   8    635                                                                                                                                                                                                                                                     
   9    643                                                                                                                                                                                                                                                     
  10    649                                                                                                                                                                                                                                                     
  11    654                                                                                                                                                                                                                                                     
  12    659                                                                                                                                                                                                                                                     
  13    663                                                                                                                                                                                                                                                     
  14    667                                                                                                                                                                                                                                                     
  15    671                                                                                                                                                                                                                                                     
  16    674                                                                                                                                                                                                                                                     
  17    677                                                                                                                                                                                                                                                     
  18    680                                                                                                                                                                                                                                                     
  19    684                                                                                                                                                                                                                                                     
  20    687                                                                                                                                                                                                                                                     
  21    690                                                                                                                                                                                                                                                     
  22    693                                                                                                                                                                                                                                                     
  23    696                                                                                                                                                                                                                                                     
  24    699                                                                                                                                                                                                                                                     
  25    702                                                                                                                                                                                                                                                     
  26    705                                                                                                                                                                                                                                                     
  27    708                                                                                                                                                                                                                                                     
  28    712                                                                                                                                                                                                                                                     
  29    715                                                                                                                                                                                                                                                     
  30    719                                                                                                                                                                                                                                                     
  31    723                                                                                                                                                                                                                                                     
  32    728                                                                                                                                                                                                                                                     
  33    733                                                                                                                                                                                                                                                     
  34    738                                                                                                                                                                                                                                                     
  35    744                                                                                                                                                                                                                                                     
  36    752                                                                                                                                                                                                                                                     
  37    760                                                                                                                                                                                                                                                     
  38    772                                                                                                                                                                                                                                                     
  39    787                                                                                                                                                                                                                                                     
  40    815                                                                                                                                                                                                                                                     
  41    821                                                                                                                                                                                                                                                     
