NCR SS  TN GSTDZALL Final Content:SS Level:14 Form:G Other:CB (13SEP07)                                                                                                                                                                                         
   0    460                                                                                                                                                                                                                                                     
   1    460                                                                                                                                                                                                                                                     
   2    460                                                                                                                                                                                                                                                     
   3    460                                                                                                                                                                                                                                                     
   4    460                                                                                                                                                                                                                                                     
   5    460                                                                                                                                                                                                                                                     
   6    460                                                                                                                                                                                                                                                     
   7    460                                                                                                                                                                                                                                                     
   8    500                                                                                                                                                                                                                                                     
   9    554                                                                                                                                                                                                                                                     
  10    570                                                                                                                                                                                                                                                     
  11    579                                                                                                                                                                                                                                                     
  12    586                                                                                                                                                                                                                                                     
  13    592                                                                                                                                                                                                                                                     
  14    597                                                                                                                                                                                                                                                     
  15    602                                                                                                                                                                                                                                                     
  16    607                                                                                                                                                                                                                                                     
  17    611                                                                                                                                                                                                                                                     
  18    615                                                                                                                                                                                                                                                     
  19    618                                                                                                                                                                                                                                                     
  20    622                                                                                                                                                                                                                                                     
  21    625                                                                                                                                                                                                                                                     
  22    629                                                                                                                                                                                                                                                     
  23    632                                                                                                                                                                                                                                                     
  24    636                                                                                                                                                                                                                                                     
  25    639                                                                                                                                                                                                                                                     
  26    642                                                                                                                                                                                                                                                     
  27    646                                                                                                                                                                                                                                                     
  28    650                                                                                                                                                                                                                                                     
  29    653                                                                                                                                                                                                                                                     
  30    657                                                                                                                                                                                                                                                     
  31    661                                                                                                                                                                                                                                                     
  32    665                                                                                                                                                                                                                                                     
  33    670                                                                                                                                                                                                                                                     
  34    675                                                                                                                                                                                                                                                     
  35    680                                                                                                                                                                                                                                                     
  36    687                                                                                                                                                                                                                                                     
  37    695                                                                                                                                                                                                                                                     
  38    706                                                                                                                                                                                                                                                     
  39    726                                                                                                                                                                                                                                                     
  40    763                                                                                                                                                                                                                                                     
