NCR SS  TN GSTDZALL Final Content:SS Level:12 Form:G Other:CB (13SEP07)                                                                                                                                                                                         
   0    395                                                                                                                                                                                                                                                     
   1    395                                                                                                                                                                                                                                                     
   2    395                                                                                                                                                                                                                                                     
   3    395                                                                                                                                                                                                                                                     
   4    395                                                                                                                                                                                                                                                     
   5    439                                                                                                                                                                                                                                                     
   6    485                                                                                                                                                                                                                                                     
   7    501                                                                                                                                                                                                                                                     
   8    512                                                                                                                                                                                                                                                     
   9    521                                                                                                                                                                                                                                                     
  10    528                                                                                                                                                                                                                                                     
  11    534                                                                                                                                                                                                                                                     
  12    540                                                                                                                                                                                                                                                     
  13    546                                                                                                                                                                                                                                                     
  14    551                                                                                                                                                                                                                                                     
  15    557                                                                                                                                                                                                                                                     
  16    562                                                                                                                                                                                                                                                     
  17    568                                                                                                                                                                                                                                                     
  18    574                                                                                                                                                                                                                                                     
  19    580                                                                                                                                                                                                                                                     
  20    588                                                                                                                                                                                                                                                     
  21    597                                                                                                                                                                                                                                                     
  22    609                                                                                                                                                                                                                                                     
  23    626                                                                                                                                                                                                                                                     
  24    655                                                                                                                                                                                                                                                     
  25    720                                                                                                                                                                                                                                                     
