NCR SS  TN GSTDZALL Final Content:SS Level:21 Form:G Other:MA (13SEP07)                                                                                                                                                                                         
   0    558                                                                                                                                                                                                                                                     
   1    558                                                                                                                                                                                                                                                     
   2    558                                                                                                                                                                                                                                                     
   3    558                                                                                                                                                                                                                                                     
   4    558                                                                                                                                                                                                                                                     
   5    558                                                                                                                                                                                                                                                     
   6    613                                                                                                                                                                                                                                                     
   7    634                                                                                                                                                                                                                                                     
   8    646                                                                                                                                                                                                                                                     
   9    654                                                                                                                                                                                                                                                     
  10    661                                                                                                                                                                                                                                                     
  11    667                                                                                                                                                                                                                                                     
  12    671                                                                                                                                                                                                                                                     
  13    676                                                                                                                                                                                                                                                     
  14    680                                                                                                                                                                                                                                                     
  15    683                                                                                                                                                                                                                                                     
  16    687                                                                                                                                                                                                                                                     
  17    690                                                                                                                                                                                                                                                     
  18    694                                                                                                                                                                                                                                                     
  19    697                                                                                                                                                                                                                                                     
  20    700                                                                                                                                                                                                                                                     
  21    703                                                                                                                                                                                                                                                     
  22    706                                                                                                                                                                                                                                                     
  23    709                                                                                                                                                                                                                                                     
  24    712                                                                                                                                                                                                                                                     
  25    715                                                                                                                                                                                                                                                     
  26    718                                                                                                                                                                                                                                                     
  27    721                                                                                                                                                                                                                                                     
  28    724                                                                                                                                                                                                                                                     
  29    728                                                                                                                                                                                                                                                     
  30    731                                                                                                                                                                                                                                                     
  31    734                                                                                                                                                                                                                                                     
  32    738                                                                                                                                                                                                                                                     
  33    742                                                                                                                                                                                                                                                     
  34    746                                                                                                                                                                                                                                                     
  35    750                                                                                                                                                                                                                                                     
  36    755                                                                                                                                                                                                                                                     
  37    761                                                                                                                                                                                                                                                     
  38    767                                                                                                                                                                                                                                                     
  39    774                                                                                                                                                                                                                                                     
  40    782                                                                                                                                                                                                                                                     
  41    793                                                                                                                                                                                                                                                     
  42    809                                                                                                                                                                                                                                                     
  43    838                                                                                                                                                                                                                                                     
  44    848                                                                                                                                                                                                                                                     
