NCR SS  TN GSTDZALL Final Content:SS Level:18 Form:G Other:CB (13SEP07)                                                                                                                                                                                         
   0    523                                                                                                                                                                                                                                                     
   1    523                                                                                                                                                                                                                                                     
   2    523                                                                                                                                                                                                                                                     
   3    523                                                                                                                                                                                                                                                     
   4    523                                                                                                                                                                                                                                                     
   5    523                                                                                                                                                                                                                                                     
   6    523                                                                                                                                                                                                                                                     
   7    523                                                                                                                                                                                                                                                     
   8    586                                                                                                                                                                                                                                                     
   9    611                                                                                                                                                                                                                                                     
  10    623                                                                                                                                                                                                                                                     
  11    632                                                                                                                                                                                                                                                     
  12    638                                                                                                                                                                                                                                                     
  13    643                                                                                                                                                                                                                                                     
  14    648                                                                                                                                                                                                                                                     
  15    652                                                                                                                                                                                                                                                     
  16    656                                                                                                                                                                                                                                                     
  17    659                                                                                                                                                                                                                                                     
  18    662                                                                                                                                                                                                                                                     
  19    665                                                                                                                                                                                                                                                     
  20    668                                                                                                                                                                                                                                                     
  21    671                                                                                                                                                                                                                                                     
  22    674                                                                                                                                                                                                                                                     
  23    677                                                                                                                                                                                                                                                     
  24    680                                                                                                                                                                                                                                                     
  25    684                                                                                                                                                                                                                                                     
  26    687                                                                                                                                                                                                                                                     
  27    690                                                                                                                                                                                                                                                     
  28    693                                                                                                                                                                                                                                                     
  29    697                                                                                                                                                                                                                                                     
  30    701                                                                                                                                                                                                                                                     
  31    705                                                                                                                                                                                                                                                     
  32    709                                                                                                                                                                                                                                                     
  33    714                                                                                                                                                                                                                                                     
  34    719                                                                                                                                                                                                                                                     
  35    725                                                                                                                                                                                                                                                     
  36    733                                                                                                                                                                                                                                                     
  37    742                                                                                                                                                                                                                                                     
  38    757                                                                                                                                                                                                                                                     
  39    784                                                                                                                                                                                                                                                     
  40    803                                                                                                                                                                                                                                                     
