NCR SS  TN GSTDZALL Final Content:SS Level:16 Form:G Other:SV (13SEP07)                                                                                                                                                                                         
   0    505                                                                                                                                                                                                                                                     
   1    505                                                                                                                                                                                                                                                     
   2    505                                                                                                                                                                                                                                                     
   3    505                                                                                                                                                                                                                                                     
   4    505                                                                                                                                                                                                                                                     
   5    505                                                                                                                                                                                                                                                     
   6    559                                                                                                                                                                                                                                                     
   7    582                                                                                                                                                                                                                                                     
   8    596                                                                                                                                                                                                                                                     
   9    606                                                                                                                                                                                                                                                     
  10    615                                                                                                                                                                                                                                                     
  11    622                                                                                                                                                                                                                                                     
  12    629                                                                                                                                                                                                                                                     
  13    635                                                                                                                                                                                                                                                     
  14    641                                                                                                                                                                                                                                                     
  15    646                                                                                                                                                                                                                                                     
  16    652                                                                                                                                                                                                                                                     
  17    658                                                                                                                                                                                                                                                     
  18    665                                                                                                                                                                                                                                                     
  19    672                                                                                                                                                                                                                                                     
  20    679                                                                                                                                                                                                                                                     
  21    688                                                                                                                                                                                                                                                     
  22    699                                                                                                                                                                                                                                                     
  23    712                                                                                                                                                                                                                                                     
  24    733                                                                                                                                                                                                                                                     
  25    786                                                                                                                                                                                                                                                     
