NCR SS  TN GSTDZALL Final Content:SS Level:15 Form:G Other:SV (13SEP07)                                                                                                                                                                                         
   0    495                                                                                                                                                                                                                                                     
   1    495                                                                                                                                                                                                                                                     
   2    495                                                                                                                                                                                                                                                     
   3    495                                                                                                                                                                                                                                                     
   4    495                                                                                                                                                                                                                                                     
   5    495                                                                                                                                                                                                                                                     
   6    562                                                                                                                                                                                                                                                     
   7    589                                                                                                                                                                                                                                                     
   8    602                                                                                                                                                                                                                                                     
   9    612                                                                                                                                                                                                                                                     
  10    619                                                                                                                                                                                                                                                     
  11    626                                                                                                                                                                                                                                                     
  12    631                                                                                                                                                                                                                                                     
  13    636                                                                                                                                                                                                                                                     
  14    641                                                                                                                                                                                                                                                     
  15    646                                                                                                                                                                                                                                                     
  16    651                                                                                                                                                                                                                                                     
  17    656                                                                                                                                                                                                                                                     
  18    661                                                                                                                                                                                                                                                     
  19    667                                                                                                                                                                                                                                                     
  20    674                                                                                                                                                                                                                                                     
  21    682                                                                                                                                                                                                                                                     
  22    692                                                                                                                                                                                                                                                     
  23    705                                                                                                                                                                                                                                                     
  24    726                                                                                                                                                                                                                                                     
  25    770                                                                                                                                                                                                                                                     
