NCR SS  TN GSTDZALL Final Content:SS Level:21 Form:G Other:SV (13SEP07)                                                                                                                                                                                         
   0    558                                                                                                                                                                                                                                                     
   1    558                                                                                                                                                                                                                                                     
   2    558                                                                                                                                                                                                                                                     
   3    558                                                                                                                                                                                                                                                     
   4    558                                                                                                                                                                                                                                                     
   5    587                                                                                                                                                                                                                                                     
   6    644                                                                                                                                                                                                                                                     
   7    658                                                                                                                                                                                                                                                     
   8    667                                                                                                                                                                                                                                                     
   9    675                                                                                                                                                                                                                                                     
  10    681                                                                                                                                                                                                                                                     
  11    686                                                                                                                                                                                                                                                     
  12    691                                                                                                                                                                                                                                                     
  13    696                                                                                                                                                                                                                                                     
  14    701                                                                                                                                                                                                                                                     
  15    706                                                                                                                                                                                                                                                     
  16    711                                                                                                                                                                                                                                                     
  17    717                                                                                                                                                                                                                                                     
  18    722                                                                                                                                                                                                                                                     
  19    728                                                                                                                                                                                                                                                     
  20    735                                                                                                                                                                                                                                                     
  21    743                                                                                                                                                                                                                                                     
  22    753                                                                                                                                                                                                                                                     
  23    767                                                                                                                                                                                                                                                     
  24    794                                                                                                                                                                                                                                                     
  25    848                                                                                                                                                                                                                                                     
