NCR SS  TN GSTDZALL Final Content:SS Level:21 Form:G Other:CB (13SEP07)                                                                                                                                                                                         
   0    558                                                                                                                                                                                                                                                     
   1    558                                                                                                                                                                                                                                                     
   2    558                                                                                                                                                                                                                                                     
   3    558                                                                                                                                                                                                                                                     
   4    558                                                                                                                                                                                                                                                     
   5    558                                                                                                                                                                                                                                                     
   6    558                                                                                                                                                                                                                                                     
   7    558                                                                                                                                                                                                                                                     
   8    558                                                                                                                                                                                                                                                     
   9    633                                                                                                                                                                                                                                                     
  10    648                                                                                                                                                                                                                                                     
  11    656                                                                                                                                                                                                                                                     
  12    663                                                                                                                                                                                                                                                     
  13    668                                                                                                                                                                                                                                                     
  14    673                                                                                                                                                                                                                                                     
  15    677                                                                                                                                                                                                                                                     
  16    680                                                                                                                                                                                                                                                     
  17    684                                                                                                                                                                                                                                                     
  18    687                                                                                                                                                                                                                                                     
  19    690                                                                                                                                                                                                                                                     
  20    693                                                                                                                                                                                                                                                     
  21    696                                                                                                                                                                                                                                                     
  22    699                                                                                                                                                                                                                                                     
  23    702                                                                                                                                                                                                                                                     
  24    705                                                                                                                                                                                                                                                     
  25    708                                                                                                                                                                                                                                                     
  26    711                                                                                                                                                                                                                                                     
  27    714                                                                                                                                                                                                                                                     
  28    717                                                                                                                                                                                                                                                     
  29    721                                                                                                                                                                                                                                                     
  30    724                                                                                                                                                                                                                                                     
  31    728                                                                                                                                                                                                                                                     
  32    732                                                                                                                                                                                                                                                     
  33    736                                                                                                                                                                                                                                                     
  34    741                                                                                                                                                                                                                                                     
  35    747                                                                                                                                                                                                                                                     
  36    754                                                                                                                                                                                                                                                     
  37    763                                                                                                                                                                                                                                                     
  38    776                                                                                                                                                                                                                                                     
  39    804                                                                                                                                                                                                                                                     
  40    848                                                                                                                                                                                                                                                     
