NCR SS  TN GSTDZALL Final Content:SS Level:13 Form:G Other:MA (13SEP07)                                                                                                                                                                                         
   0    430                                                                                                                                                                                                                                                     
   1    430                                                                                                                                                                                                                                                     
   2    430                                                                                                                                                                                                                                                     
   3    430                                                                                                                                                                                                                                                     
   4    485                                                                                                                                                                                                                                                     
   5    515                                                                                                                                                                                                                                                     
   6    530                                                                                                                                                                                                                                                     
   7    541                                                                                                                                                                                                                                                     
   8    549                                                                                                                                                                                                                                                     
   9    556                                                                                                                                                                                                                                                     
  10    562                                                                                                                                                                                                                                                     
  11    567                                                                                                                                                                                                                                                     
  12    572                                                                                                                                                                                                                                                     
  13    577                                                                                                                                                                                                                                                     
  14    581                                                                                                                                                                                                                                                     
  15    585                                                                                                                                                                                                                                                     
  16    589                                                                                                                                                                                                                                                     
  17    593                                                                                                                                                                                                                                                     
  18    597                                                                                                                                                                                                                                                     
  19    601                                                                                                                                                                                                                                                     
  20    605                                                                                                                                                                                                                                                     
  21    608                                                                                                                                                                                                                                                     
  22    613                                                                                                                                                                                                                                                     
  23    617                                                                                                                                                                                                                                                     
  24    621                                                                                                                                                                                                                                                     
  25    626                                                                                                                                                                                                                                                     
  26    631                                                                                                                                                                                                                                                     
  27    637                                                                                                                                                                                                                                                     
  28    644                                                                                                                                                                                                                                                     
  29    652                                                                                                                                                                                                                                                     
  30    661                                                                                                                                                                                                                                                     
  31    673                                                                                                                                                                                                                                                     
  32    692                                                                                                                                                                                                                                                     
  33    724                                                                                                                                                                                                                                                     
  34    745                                                                                                                                                                                                                                                     
