NCR SS  TN GSTDZALL Final Content:SS Level:12 Form:G Other:MA (13SEP07)                                                                                                                                                                                         
   0    395                                                                                                                                                                                                                                                     
   1    395                                                                                                                                                                                                                                                     
   2    395                                                                                                                                                                                                                                                     
   3    395                                                                                                                                                                                                                                                     
   4    426                                                                                                                                                                                                                                                     
   5    471                                                                                                                                                                                                                                                     
   6    487                                                                                                                                                                                                                                                     
   7    498                                                                                                                                                                                                                                                     
   8    507                                                                                                                                                                                                                                                     
   9    513                                                                                                                                                                                                                                                     
  10    519                                                                                                                                                                                                                                                     
  11    525                                                                                                                                                                                                                                                     
  12    529                                                                                                                                                                                                                                                     
  13    534                                                                                                                                                                                                                                                     
  14    538                                                                                                                                                                                                                                                     
  15    542                                                                                                                                                                                                                                                     
  16    546                                                                                                                                                                                                                                                     
  17    550                                                                                                                                                                                                                                                     
  18    554                                                                                                                                                                                                                                                     
  19    557                                                                                                                                                                                                                                                     
  20    561                                                                                                                                                                                                                                                     
  21    565                                                                                                                                                                                                                                                     
  22    570                                                                                                                                                                                                                                                     
  23    574                                                                                                                                                                                                                                                     
  24    579                                                                                                                                                                                                                                                     
  25    584                                                                                                                                                                                                                                                     
  26    591                                                                                                                                                                                                                                                     
  27    598                                                                                                                                                                                                                                                     
  28    607                                                                                                                                                                                                                                                     
  29    618                                                                                                                                                                                                                                                     
  30    634                                                                                                                                                                                                                                                     
  31    660                                                                                                                                                                                                                                                     
  32    720                                                                                                                                                                                                                                                     
