NCR SS  TN GSTDZALL Final Content:SS Level:17 Form:G Other:MA (13SEP07)                                                                                                                                                                                         
   0    515                                                                                                                                                                                                                                                     
   1    515                                                                                                                                                                                                                                                     
   2    515                                                                                                                                                                                                                                                     
   3    515                                                                                                                                                                                                                                                     
   4    515                                                                                                                                                                                                                                                     
   5    515                                                                                                                                                                                                                                                     
   6    572                                                                                                                                                                                                                                                     
   7    592                                                                                                                                                                                                                                                     
   8    604                                                                                                                                                                                                                                                     
   9    613                                                                                                                                                                                                                                                     
  10    620                                                                                                                                                                                                                                                     
  11    626                                                                                                                                                                                                                                                     
  12    632                                                                                                                                                                                                                                                     
  13    637                                                                                                                                                                                                                                                     
  14    642                                                                                                                                                                                                                                                     
  15    647                                                                                                                                                                                                                                                     
  16    651                                                                                                                                                                                                                                                     
  17    655                                                                                                                                                                                                                                                     
  18    659                                                                                                                                                                                                                                                     
  19    662                                                                                                                                                                                                                                                     
  20    665                                                                                                                                                                                                                                                     
  21    669                                                                                                                                                                                                                                                     
  22    672                                                                                                                                                                                                                                                     
  23    675                                                                                                                                                                                                                                                     
  24    678                                                                                                                                                                                                                                                     
  25    681                                                                                                                                                                                                                                                     
  26    684                                                                                                                                                                                                                                                     
  27    687                                                                                                                                                                                                                                                     
  28    691                                                                                                                                                                                                                                                     
  29    694                                                                                                                                                                                                                                                     
  30    697                                                                                                                                                                                                                                                     
  31    701                                                                                                                                                                                                                                                     
  32    705                                                                                                                                                                                                                                                     
  33    709                                                                                                                                                                                                                                                     
  34    713                                                                                                                                                                                                                                                     
  35    717                                                                                                                                                                                                                                                     
  36    723                                                                                                                                                                                                                                                     
  37    728                                                                                                                                                                                                                                                     
  38    735                                                                                                                                                                                                                                                     
  39    744                                                                                                                                                                                                                                                     
  40    755                                                                                                                                                                                                                                                     
  41    770                                                                                                                                                                                                                                                     
  42    793                                                                                                                                                                                                                                                     
  43    793                                                                                                                                                                                                                                                     
