NCR SS  TN GSTDZALL Final Content:SS Level:11 Form:G Other:MA (13SEP07)                                                                                                                                                                                         
   0    385                                                                                                                                                                                                                                                     
   1    385                                                                                                                                                                                                                                                     
   2    385                                                                                                                                                                                                                                                     
   3    385                                                                                                                                                                                                                                                     
   4    385                                                                                                                                                                                                                                                     
   5    385                                                                                                                                                                                                                                                     
   6    401                                                                                                                                                                                                                                                     
   7    437                                                                                                                                                                                                                                                     
   8    456                                                                                                                                                                                                                                                     
   9    469                                                                                                                                                                                                                                                     
  10    479                                                                                                                                                                                                                                                     
  11    487                                                                                                                                                                                                                                                     
  12    493                                                                                                                                                                                                                                                     
  13    499                                                                                                                                                                                                                                                     
  14    505                                                                                                                                                                                                                                                     
  15    510                                                                                                                                                                                                                                                     
  16    514                                                                                                                                                                                                                                                     
  17    519                                                                                                                                                                                                                                                     
  18    523                                                                                                                                                                                                                                                     
  19    527                                                                                                                                                                                                                                                     
  20    531                                                                                                                                                                                                                                                     
  21    534                                                                                                                                                                                                                                                     
  22    538                                                                                                                                                                                                                                                     
  23    542                                                                                                                                                                                                                                                     
  24    546                                                                                                                                                                                                                                                     
  25    550                                                                                                                                                                                                                                                     
  26    554                                                                                                                                                                                                                                                     
  27    559                                                                                                                                                                                                                                                     
  28    564                                                                                                                                                                                                                                                     
  29    569                                                                                                                                                                                                                                                     
  30    574                                                                                                                                                                                                                                                     
  31    580                                                                                                                                                                                                                                                     
  32    588                                                                                                                                                                                                                                                     
  33    597                                                                                                                                                                                                                                                     
  34    609                                                                                                                                                                                                                                                     
  35    627                                                                                                                                                                                                                                                     
  36    651                                                                                                                                                                                                                                                     
  37    651                                                                                                                                                                                                                                                     
