NCR SS  TN GSTDZALL Final Content:SS Level:14 Form:G Other:MA (13SEP07)                                                                                                                                                                                         
   0    460                                                                                                                                                                                                                                                     
   1    460                                                                                                                                                                                                                                                     
   2    460                                                                                                                                                                                                                                                     
   3    460                                                                                                                                                                                                                                                     
   4    460                                                                                                                                                                                                                                                     
   5    478                                                                                                                                                                                                                                                     
   6    529                                                                                                                                                                                                                                                     
   7    547                                                                                                                                                                                                                                                     
   8    559                                                                                                                                                                                                                                                     
   9    568                                                                                                                                                                                                                                                     
  10    575                                                                                                                                                                                                                                                     
  11    581                                                                                                                                                                                                                                                     
  12    586                                                                                                                                                                                                                                                     
  13    591                                                                                                                                                                                                                                                     
  14    595                                                                                                                                                                                                                                                     
  15    599                                                                                                                                                                                                                                                     
  16    603                                                                                                                                                                                                                                                     
  17    607                                                                                                                                                                                                                                                     
  18    610                                                                                                                                                                                                                                                     
  19    614                                                                                                                                                                                                                                                     
  20    617                                                                                                                                                                                                                                                     
  21    620                                                                                                                                                                                                                                                     
  22    623                                                                                                                                                                                                                                                     
  23    626                                                                                                                                                                                                                                                     
  24    630                                                                                                                                                                                                                                                     
  25    633                                                                                                                                                                                                                                                     
  26    636                                                                                                                                                                                                                                                     
  27    639                                                                                                                                                                                                                                                     
  28    642                                                                                                                                                                                                                                                     
  29    645                                                                                                                                                                                                                                                     
  30    649                                                                                                                                                                                                                                                     
  31    652                                                                                                                                                                                                                                                     
  32    655                                                                                                                                                                                                                                                     
  33    659                                                                                                                                                                                                                                                     
  34    663                                                                                                                                                                                                                                                     
  35    667                                                                                                                                                                                                                                                     
  36    672                                                                                                                                                                                                                                                     
  37    676                                                                                                                                                                                                                                                     
  38    682                                                                                                                                                                                                                                                     
  39    687                                                                                                                                                                                                                                                     
  40    694                                                                                                                                                                                                                                                     
  41    702                                                                                                                                                                                                                                                     
  42    713                                                                                                                                                                                                                                                     
  43    727                                                                                                                                                                                                                                                     
  44    751                                                                                                                                                                                                                                                     
  45    763                                                                                                                                                                                                                                                     
