NCR SS  TN GSTDZALL Final Content:SS Level:20 Form:G Other:SV (13SEP07)                                                                                                                                                                                         
   0    548                                                                                                                                                                                                                                                     
   1    548                                                                                                                                                                                                                                                     
   2    548                                                                                                                                                                                                                                                     
   3    548                                                                                                                                                                                                                                                     
   4    548                                                                                                                                                                                                                                                     
   5    608                                                                                                                                                                                                                                                     
   6    633                                                                                                                                                                                                                                                     
   7    646                                                                                                                                                                                                                                                     
   8    654                                                                                                                                                                                                                                                     
   9    661                                                                                                                                                                                                                                                     
  10    667                                                                                                                                                                                                                                                     
  11    672                                                                                                                                                                                                                                                     
  12    676                                                                                                                                                                                                                                                     
  13    681                                                                                                                                                                                                                                                     
  14    685                                                                                                                                                                                                                                                     
  15    690                                                                                                                                                                                                                                                     
  16    694                                                                                                                                                                                                                                                     
  17    698                                                                                                                                                                                                                                                     
  18    703                                                                                                                                                                                                                                                     
  19    708                                                                                                                                                                                                                                                     
  20    714                                                                                                                                                                                                                                                     
  21    720                                                                                                                                                                                                                                                     
  22    728                                                                                                                                                                                                                                                     
  23    740                                                                                                                                                                                                                                                     
  24    759                                                                                                                                                                                                                                                     
  25    821                                                                                                                                                                                                                                                     
