NCR SS  TN GSTDZALL Final Content:SS Level:17 Form:G Other:CB (13SEP07)                                                                                                                                                                                         
   0    515                                                                                                                                                                                                                                                     
   1    515                                                                                                                                                                                                                                                     
   2    515                                                                                                                                                                                                                                                     
   3    515                                                                                                                                                                                                                                                     
   4    515                                                                                                                                                                                                                                                     
   5    515                                                                                                                                                                                                                                                     
   6    515                                                                                                                                                                                                                                                     
   7    515                                                                                                                                                                                                                                                     
   8    515                                                                                                                                                                                                                                                     
   9    576                                                                                                                                                                                                                                                     
  10    598                                                                                                                                                                                                                                                     
  11    611                                                                                                                                                                                                                                                     
  12    620                                                                                                                                                                                                                                                     
  13    628                                                                                                                                                                                                                                                     
  14    635                                                                                                                                                                                                                                                     
  15    641                                                                                                                                                                                                                                                     
  16    646                                                                                                                                                                                                                                                     
  17    651                                                                                                                                                                                                                                                     
  18    656                                                                                                                                                                                                                                                     
  19    660                                                                                                                                                                                                                                                     
  20    663                                                                                                                                                                                                                                                     
  21    667                                                                                                                                                                                                                                                     
  22    670                                                                                                                                                                                                                                                     
  23    674                                                                                                                                                                                                                                                     
  24    677                                                                                                                                                                                                                                                     
  25    680                                                                                                                                                                                                                                                     
  26    684                                                                                                                                                                                                                                                     
  27    687                                                                                                                                                                                                                                                     
  28    690                                                                                                                                                                                                                                                     
  29    694                                                                                                                                                                                                                                                     
  30    697                                                                                                                                                                                                                                                     
  31    701                                                                                                                                                                                                                                                     
  32    705                                                                                                                                                                                                                                                     
  33    709                                                                                                                                                                                                                                                     
  34    714                                                                                                                                                                                                                                                     
  35    719                                                                                                                                                                                                                                                     
  36    725                                                                                                                                                                                                                                                     
  37    732                                                                                                                                                                                                                                                     
  38    742                                                                                                                                                                                                                                                     
  39    759                                                                                                                                                                                                                                                     
  40    793                                                                                                                                                                                                                                                     
