NCR SS  TN GSTDZALL Final Content:SS Level:13 Form:G Other:CB (13SEP07)                                                                                                                                                                                         
   0    430                                                                                                                                                                                                                                                     
   1    430                                                                                                                                                                                                                                                     
   2    430                                                                                                                                                                                                                                                     
   3    430                                                                                                                                                                                                                                                     
   4    430                                                                                                                                                                                                                                                     
   5    430                                                                                                                                                                                                                                                     
   6    430                                                                                                                                                                                                                                                     
   7    524                                                                                                                                                                                                                                                     
   8    543                                                                                                                                                                                                                                                     
   9    553                                                                                                                                                                                                                                                     
  10    561                                                                                                                                                                                                                                                     
  11    568                                                                                                                                                                                                                                                     
  12    573                                                                                                                                                                                                                                                     
  13    578                                                                                                                                                                                                                                                     
  14    582                                                                                                                                                                                                                                                     
  15    586                                                                                                                                                                                                                                                     
  16    590                                                                                                                                                                                                                                                     
  17    594                                                                                                                                                                                                                                                     
  18    598                                                                                                                                                                                                                                                     
  19    601                                                                                                                                                                                                                                                     
  20    605                                                                                                                                                                                                                                                     
  21    609                                                                                                                                                                                                                                                     
  22    612                                                                                                                                                                                                                                                     
  23    616                                                                                                                                                                                                                                                     
  24    620                                                                                                                                                                                                                                                     
  25    624                                                                                                                                                                                                                                                     
  26    628                                                                                                                                                                                                                                                     
  27    632                                                                                                                                                                                                                                                     
  28    637                                                                                                                                                                                                                                                     
  29    642                                                                                                                                                                                                                                                     
  30    648                                                                                                                                                                                                                                                     
  31    654                                                                                                                                                                                                                                                     
  32    663                                                                                                                                                                                                                                                     
  33    674                                                                                                                                                                                                                                                     
  34    693                                                                                                                                                                                                                                                     
  35    745                                                                                                                                                                                                                                                     
