NCR SS  TN GSTDZALL Final Content:SS Level:16 Form:G Other:CB (13SEP07)                                                                                                                                                                                         
   0    505                                                                                                                                                                                                                                                     
   1    505                                                                                                                                                                                                                                                     
   2    505                                                                                                                                                                                                                                                     
   3    505                                                                                                                                                                                                                                                     
   4    505                                                                                                                                                                                                                                                     
   5    505                                                                                                                                                                                                                                                     
   6    505                                                                                                                                                                                                                                                     
   7    505                                                                                                                                                                                                                                                     
   8    505                                                                                                                                                                                                                                                     
   9    541                                                                                                                                                                                                                                                     
  10    571                                                                                                                                                                                                                                                     
  11    586                                                                                                                                                                                                                                                     
  12    596                                                                                                                                                                                                                                                     
  13    605                                                                                                                                                                                                                                                     
  14    611                                                                                                                                                                                                                                                     
  15    617                                                                                                                                                                                                                                                     
  16    623                                                                                                                                                                                                                                                     
  17    628                                                                                                                                                                                                                                                     
  18    632                                                                                                                                                                                                                                                     
  19    637                                                                                                                                                                                                                                                     
  20    641                                                                                                                                                                                                                                                     
  21    645                                                                                                                                                                                                                                                     
  22    649                                                                                                                                                                                                                                                     
  23    653                                                                                                                                                                                                                                                     
  24    657                                                                                                                                                                                                                                                     
  25    661                                                                                                                                                                                                                                                     
  26    666                                                                                                                                                                                                                                                     
  27    670                                                                                                                                                                                                                                                     
  28    674                                                                                                                                                                                                                                                     
  29    679                                                                                                                                                                                                                                                     
  30    684                                                                                                                                                                                                                                                     
  31    689                                                                                                                                                                                                                                                     
  32    694                                                                                                                                                                                                                                                     
  33    699                                                                                                                                                                                                                                                     
  34    706                                                                                                                                                                                                                                                     
  35    713                                                                                                                                                                                                                                                     
  36    721                                                                                                                                                                                                                                                     
  37    731                                                                                                                                                                                                                                                     
  38    743                                                                                                                                                                                                                                                     
  39    760                                                                                                                                                                                                                                                     
  40    786                                                                                                                                                                                                                                                     
