NCR SS  TN GSTDZALL Final Content:SS Level:15 Form:G Other:MA (13SEP07)                                                                                                                                                                                         
   0    495                                                                                                                                                                                                                                                     
   1    495                                                                                                                                                                                                                                                     
   2    495                                                                                                                                                                                                                                                     
   3    495                                                                                                                                                                                                                                                     
   4    495                                                                                                                                                                                                                                                     
   5    495                                                                                                                                                                                                                                                     
   6    513                                                                                                                                                                                                                                                     
   7    552                                                                                                                                                                                                                                                     
   8    571                                                                                                                                                                                                                                                     
   9    583                                                                                                                                                                                                                                                     
  10    592                                                                                                                                                                                                                                                     
  11    599                                                                                                                                                                                                                                                     
  12    605                                                                                                                                                                                                                                                     
  13    610                                                                                                                                                                                                                                                     
  14    615                                                                                                                                                                                                                                                     
  15    619                                                                                                                                                                                                                                                     
  16    623                                                                                                                                                                                                                                                     
  17    626                                                                                                                                                                                                                                                     
  18    630                                                                                                                                                                                                                                                     
  19    633                                                                                                                                                                                                                                                     
  20    636                                                                                                                                                                                                                                                     
  21    639                                                                                                                                                                                                                                                     
  22    641                                                                                                                                                                                                                                                     
  23    644                                                                                                                                                                                                                                                     
  24    647                                                                                                                                                                                                                                                     
  25    650                                                                                                                                                                                                                                                     
  26    653                                                                                                                                                                                                                                                     
  27    655                                                                                                                                                                                                                                                     
  28    658                                                                                                                                                                                                                                                     
  29    661                                                                                                                                                                                                                                                     
  30    664                                                                                                                                                                                                                                                     
  31    667                                                                                                                                                                                                                                                     
  32    671                                                                                                                                                                                                                                                     
  33    674                                                                                                                                                                                                                                                     
  34    678                                                                                                                                                                                                                                                     
  35    682                                                                                                                                                                                                                                                     
  36    687                                                                                                                                                                                                                                                     
  37    691                                                                                                                                                                                                                                                     
  38    697                                                                                                                                                                                                                                                     
  39    703                                                                                                                                                                                                                                                     
  40    711                                                                                                                                                                                                                                                     
  41    721                                                                                                                                                                                                                                                     
  42    734                                                                                                                                                                                                                                                     
  43    758                                                                                                                                                                                                                                                     
  44    770                                                                                                                                                                                                                                                     
