NCR SS  TN GSTDZALL Final Content:SS Level:18 Form:G Other:MA (13SEP07)                                                                                                                                                                                         
   0    523                                                                                                                                                                                                                                                     
   1    523                                                                                                                                                                                                                                                     
   2    523                                                                                                                                                                                                                                                     
   3    523                                                                                                                                                                                                                                                     
   4    523                                                                                                                                                                                                                                                     
   5    541                                                                                                                                                                                                                                                     
   6    582                                                                                                                                                                                                                                                     
   7    599                                                                                                                                                                                                                                                     
   8    609                                                                                                                                                                                                                                                     
   9    618                                                                                                                                                                                                                                                     
  10    624                                                                                                                                                                                                                                                     
  11    630                                                                                                                                                                                                                                                     
  12    635                                                                                                                                                                                                                                                     
  13    639                                                                                                                                                                                                                                                     
  14    643                                                                                                                                                                                                                                                     
  15    647                                                                                                                                                                                                                                                     
  16    650                                                                                                                                                                                                                                                     
  17    654                                                                                                                                                                                                                                                     
  18    657                                                                                                                                                                                                                                                     
  19    660                                                                                                                                                                                                                                                     
  20    663                                                                                                                                                                                                                                                     
  21    665                                                                                                                                                                                                                                                     
  22    668                                                                                                                                                                                                                                                     
  23    671                                                                                                                                                                                                                                                     
  24    674                                                                                                                                                                                                                                                     
  25    676                                                                                                                                                                                                                                                     
  26    679                                                                                                                                                                                                                                                     
  27    682                                                                                                                                                                                                                                                     
  28    685                                                                                                                                                                                                                                                     
  29    688                                                                                                                                                                                                                                                     
  30    691                                                                                                                                                                                                                                                     
  31    694                                                                                                                                                                                                                                                     
  32    698                                                                                                                                                                                                                                                     
  33    701                                                                                                                                                                                                                                                     
  34    705                                                                                                                                                                                                                                                     
  35    710                                                                                                                                                                                                                                                     
  36    714                                                                                                                                                                                                                                                     
  37    720                                                                                                                                                                                                                                                     
  38    726                                                                                                                                                                                                                                                     
  39    734                                                                                                                                                                                                                                                     
  40    744                                                                                                                                                                                                                                                     
  41    759                                                                                                                                                                                                                                                     
  42    786                                                                                                                                                                                                                                                     
  43    803                                                                                                                                                                                                                                                     
