NCR SS  TN GSTDZALL Final Content:SS Level:16 Form:G Other:MA (13SEP07)                                                                                                                                                                                         
   0    505                                                                                                                                                                                                                                                     
   1    505                                                                                                                                                                                                                                                     
   2    505                                                                                                                                                                                                                                                     
   3    505                                                                                                                                                                                                                                                     
   4    505                                                                                                                                                                                                                                                     
   5    505                                                                                                                                                                                                                                                     
   6    519                                                                                                                                                                                                                                                     
   7    551                                                                                                                                                                                                                                                     
   8    568                                                                                                                                                                                                                                                     
   9    580                                                                                                                                                                                                                                                     
  10    590                                                                                                                                                                                                                                                     
  11    597                                                                                                                                                                                                                                                     
  12    604                                                                                                                                                                                                                                                     
  13    610                                                                                                                                                                                                                                                     
  14    615                                                                                                                                                                                                                                                     
  15    620                                                                                                                                                                                                                                                     
  16    625                                                                                                                                                                                                                                                     
  17    629                                                                                                                                                                                                                                                     
  18    633                                                                                                                                                                                                                                                     
  19    637                                                                                                                                                                                                                                                     
  20    641                                                                                                                                                                                                                                                     
  21    645                                                                                                                                                                                                                                                     
  22    649                                                                                                                                                                                                                                                     
  23    653                                                                                                                                                                                                                                                     
  24    657                                                                                                                                                                                                                                                     
  25    660                                                                                                                                                                                                                                                     
  26    664                                                                                                                                                                                                                                                     
  27    668                                                                                                                                                                                                                                                     
  28    672                                                                                                                                                                                                                                                     
  29    677                                                                                                                                                                                                                                                     
  30    681                                                                                                                                                                                                                                                     
  31    686                                                                                                                                                                                                                                                     
  32    690                                                                                                                                                                                                                                                     
  33    695                                                                                                                                                                                                                                                     
  34    700                                                                                                                                                                                                                                                     
  35    706                                                                                                                                                                                                                                                     
  36    712                                                                                                                                                                                                                                                     
  37    719                                                                                                                                                                                                                                                     
  38    726                                                                                                                                                                                                                                                     
  39    734                                                                                                                                                                                                                                                     
  40    744                                                                                                                                                                                                                                                     
  41    755                                                                                                                                                                                                                                                     
  42    770                                                                                                                                                                                                                                                     
  43    786                                                                                                                                                                                                                                                     
  44    786                                                                                                                                                                                                                                                     
  45    786                                                                                                                                                                                                                                                     
