NCR SS  TN GSTDZALL Final Content:SS Level:19 Form:G Other:MA (13SEP07)                                                                                                                                                                                         
   0    530                                                                                                                                                                                                                                                     
   1    530                                                                                                                                                                                                                                                     
   2    530                                                                                                                                                                                                                                                     
   3    530                                                                                                                                                                                                                                                     
   4    530                                                                                                                                                                                                                                                     
   5    530                                                                                                                                                                                                                                                     
   6    586                                                                                                                                                                                                                                                     
   7    609                                                                                                                                                                                                                                                     
   8    622                                                                                                                                                                                                                                                     
   9    632                                                                                                                                                                                                                                                     
  10    639                                                                                                                                                                                                                                                     
  11    644                                                                                                                                                                                                                                                     
  12    649                                                                                                                                                                                                                                                     
  13    654                                                                                                                                                                                                                                                     
  14    658                                                                                                                                                                                                                                                     
  15    662                                                                                                                                                                                                                                                     
  16    665                                                                                                                                                                                                                                                     
  17    668                                                                                                                                                                                                                                                     
  18    671                                                                                                                                                                                                                                                     
  19    674                                                                                                                                                                                                                                                     
  20    677                                                                                                                                                                                                                                                     
  21    680                                                                                                                                                                                                                                                     
  22    683                                                                                                                                                                                                                                                     
  23    685                                                                                                                                                                                                                                                     
  24    688                                                                                                                                                                                                                                                     
  25    691                                                                                                                                                                                                                                                     
  26    694                                                                                                                                                                                                                                                     
  27    696                                                                                                                                                                                                                                                     
  28    699                                                                                                                                                                                                                                                     
  29    702                                                                                                                                                                                                                                                     
  30    705                                                                                                                                                                                                                                                     
  31    708                                                                                                                                                                                                                                                     
  32    711                                                                                                                                                                                                                                                     
  33    715                                                                                                                                                                                                                                                     
  34    718                                                                                                                                                                                                                                                     
  35    722                                                                                                                                                                                                                                                     
  36    725                                                                                                                                                                                                                                                     
  37    729                                                                                                                                                                                                                                                     
  38    734                                                                                                                                                                                                                                                     
  39    738                                                                                                                                                                                                                                                     
  40    743                                                                                                                                                                                                                                                     
  41    749                                                                                                                                                                                                                                                     
  42    756                                                                                                                                                                                                                                                     
  43    765                                                                                                                                                                                                                                                     
  44    777                                                                                                                                                                                                                                                     
  45    799                                                                                                                                                                                                                                                     
  46    813                                                                                                                                                                                                                                                     
