NCR SS  TN GSTDZALL Final Content:SS Level:15 Form:G Other:CB (13SEP07)                                                                                                                                                                                         
   0    495                                                                                                                                                                                                                                                     
   1    495                                                                                                                                                                                                                                                     
   2    495                                                                                                                                                                                                                                                     
   3    495                                                                                                                                                                                                                                                     
   4    495                                                                                                                                                                                                                                                     
   5    495                                                                                                                                                                                                                                                     
   6    495                                                                                                                                                                                                                                                     
   7    495                                                                                                                                                                                                                                                     
   8    495                                                                                                                                                                                                                                                     
   9    545                                                                                                                                                                                                                                                     
  10    576                                                                                                                                                                                                                                                     
  11    590                                                                                                                                                                                                                                                     
  12    599                                                                                                                                                                                                                                                     
  13    606                                                                                                                                                                                                                                                     
  14    612                                                                                                                                                                                                                                                     
  15    617                                                                                                                                                                                                                                                     
  16    622                                                                                                                                                                                                                                                     
  17    626                                                                                                                                                                                                                                                     
  18    630                                                                                                                                                                                                                                                     
  19    633                                                                                                                                                                                                                                                     
  20    636                                                                                                                                                                                                                                                     
  21    640                                                                                                                                                                                                                                                     
  22    643                                                                                                                                                                                                                                                     
  23    646                                                                                                                                                                                                                                                     
  24    649                                                                                                                                                                                                                                                     
  25    652                                                                                                                                                                                                                                                     
  26    655                                                                                                                                                                                                                                                     
  27    658                                                                                                                                                                                                                                                     
  28    661                                                                                                                                                                                                                                                     
  29    665                                                                                                                                                                                                                                                     
  30    669                                                                                                                                                                                                                                                     
  31    673                                                                                                                                                                                                                                                     
  32    677                                                                                                                                                                                                                                                     
  33    682                                                                                                                                                                                                                                                     
  34    687                                                                                                                                                                                                                                                     
  35    694                                                                                                                                                                                                                                                     
  36    702                                                                                                                                                                                                                                                     
  37    712                                                                                                                                                                                                                                                     
  38    725                                                                                                                                                                                                                                                     
  39    745                                                                                                                                                                                                                                                     
  40    770                                                                                                                                                                                                                                                     
