NCR SS  TN GSTDZALL Final Content:SS Level:17 Form:G Other:SV (13SEP07)                                                                                                                                                                                         
   0    515                                                                                                                                                                                                                                                     
   1    515                                                                                                                                                                                                                                                     
   2    515                                                                                                                                                                                                                                                     
   3    515                                                                                                                                                                                                                                                     
   4    515                                                                                                                                                                                                                                                     
   5    536                                                                                                                                                                                                                                                     
   6    592                                                                                                                                                                                                                                                     
   7    610                                                                                                                                                                                                                                                     
   8    622                                                                                                                                                                                                                                                     
   9    632                                                                                                                                                                                                                                                     
  10    641                                                                                                                                                                                                                                                     
  11    648                                                                                                                                                                                                                                                     
  12    655                                                                                                                                                                                                                                                     
  13    660                                                                                                                                                                                                                                                     
  14    666                                                                                                                                                                                                                                                     
  15    671                                                                                                                                                                                                                                                     
  16    676                                                                                                                                                                                                                                                     
  17    681                                                                                                                                                                                                                                                     
  18    686                                                                                                                                                                                                                                                     
  19    692                                                                                                                                                                                                                                                     
  20    698                                                                                                                                                                                                                                                     
  21    706                                                                                                                                                                                                                                                     
  22    714                                                                                                                                                                                                                                                     
  23    726                                                                                                                                                                                                                                                     
  24    746                                                                                                                                                                                                                                                     
  25    793                                                                                                                                                                                                                                                     
