NCR SS  TN GSTDZALL Final Content:SS Level:19 Form:G Other:SV (13SEP07)                                                                                                                                                                                         
   0    530                                                                                                                                                                                                                                                     
   1    530                                                                                                                                                                                                                                                     
   2    530                                                                                                                                                                                                                                                     
   3    530                                                                                                                                                                                                                                                     
   4    530                                                                                                                                                                                                                                                     
   5    530                                                                                                                                                                                                                                                     
   6    618                                                                                                                                                                                                                                                     
   7    637                                                                                                                                                                                                                                                     
   8    648                                                                                                                                                                                                                                                     
   9    656                                                                                                                                                                                                                                                     
  10    662                                                                                                                                                                                                                                                     
  11    668                                                                                                                                                                                                                                                     
  12    673                                                                                                                                                                                                                                                     
  13    678                                                                                                                                                                                                                                                     
  14    683                                                                                                                                                                                                                                                     
  15    688                                                                                                                                                                                                                                                     
  16    693                                                                                                                                                                                                                                                     
  17    698                                                                                                                                                                                                                                                     
  18    703                                                                                                                                                                                                                                                     
  19    709                                                                                                                                                                                                                                                     
  20    716                                                                                                                                                                                                                                                     
  21    723                                                                                                                                                                                                                                                     
  22    732                                                                                                                                                                                                                                                     
  23    743                                                                                                                                                                                                                                                     
  24    761                                                                                                                                                                                                                                                     
  25    813                                                                                                                                                                                                                                                     
