NCR SS  TN GSTDZALL Final Content:SS Level:14 Form:G Other:SV (13SEP07)                                                                                                                                                                                         
   0    460                                                                                                                                                                                                                                                     
   1    460                                                                                                                                                                                                                                                     
   2    460                                                                                                                                                                                                                                                     
   3    460                                                                                                                                                                                                                                                     
   4    460                                                                                                                                                                                                                                                     
   5    527                                                                                                                                                                                                                                                     
   6    565                                                                                                                                                                                                                                                     
   7    581                                                                                                                                                                                                                                                     
   8    591                                                                                                                                                                                                                                                     
   9    599                                                                                                                                                                                                                                                     
  10    606                                                                                                                                                                                                                                                     
  11    612                                                                                                                                                                                                                                                     
  12    618                                                                                                                                                                                                                                                     
  13    623                                                                                                                                                                                                                                                     
  14    628                                                                                                                                                                                                                                                     
  15    634                                                                                                                                                                                                                                                     
  16    639                                                                                                                                                                                                                                                     
  17    644                                                                                                                                                                                                                                                     
  18    650                                                                                                                                                                                                                                                     
  19    656                                                                                                                                                                                                                                                     
  20    662                                                                                                                                                                                                                                                     
  21    670                                                                                                                                                                                                                                                     
  22    679                                                                                                                                                                                                                                                     
  23    691                                                                                                                                                                                                                                                     
  24    710                                                                                                                                                                                                                                                     
  25    763                                                                                                                                                                                                                                                     
