NCR SS  TN GSTDZALL Final Content:SS Level:18 Form:G Other:SV (13SEP07)                                                                                                                                                                                         
   0    523                                                                                                                                                                                                                                                     
   1    523                                                                                                                                                                                                                                                     
   2    523                                                                                                                                                                                                                                                     
   3    523                                                                                                                                                                                                                                                     
   4    523                                                                                                                                                                                                                                                     
   5    589                                                                                                                                                                                                                                                     
   6    618                                                                                                                                                                                                                                                     
   7    631                                                                                                                                                                                                                                                     
   8    640                                                                                                                                                                                                                                                     
   9    647                                                                                                                                                                                                                                                     
  10    653                                                                                                                                                                                                                                                     
  11    658                                                                                                                                                                                                                                                     
  12    662                                                                                                                                                                                                                                                     
  13    666                                                                                                                                                                                                                                                     
  14    671                                                                                                                                                                                                                                                     
  15    675                                                                                                                                                                                                                                                     
  16    679                                                                                                                                                                                                                                                     
  17    684                                                                                                                                                                                                                                                     
  18    689                                                                                                                                                                                                                                                     
  19    694                                                                                                                                                                                                                                                     
  20    700                                                                                                                                                                                                                                                     
  21    707                                                                                                                                                                                                                                                     
  22    716                                                                                                                                                                                                                                                     
  23    729                                                                                                                                                                                                                                                     
  24    752                                                                                                                                                                                                                                                     
  25    803                                                                                                                                                                                                                                                     
