NCR SS  TN GSTDZALL Final Content:SS Level:20 Form:G Other:CB (13SEP07)                                                                                                                                                                                         
   0    548                                                                                                                                                                                                                                                     
   1    548                                                                                                                                                                                                                                                     
   2    548                                                                                                                                                                                                                                                     
   3    548                                                                                                                                                                                                                                                     
   4    548                                                                                                                                                                                                                                                     
   5    548                                                                                                                                                                                                                                                     
   6    548                                                                                                                                                                                                                                                     
   7    548                                                                                                                                                                                                                                                     
   8    606                                                                                                                                                                                                                                                     
   9    626                                                                                                                                                                                                                                                     
  10    637                                                                                                                                                                                                                                                     
  11    644                                                                                                                                                                                                                                                     
  12    650                                                                                                                                                                                                                                                     
  13    655                                                                                                                                                                                                                                                     
  14    660                                                                                                                                                                                                                                                     
  15    664                                                                                                                                                                                                                                                     
  16    668                                                                                                                                                                                                                                                     
  17    671                                                                                                                                                                                                                                                     
  18    674                                                                                                                                                                                                                                                     
  19    678                                                                                                                                                                                                                                                     
  20    681                                                                                                                                                                                                                                                     
  21    684                                                                                                                                                                                                                                                     
  22    686                                                                                                                                                                                                                                                     
  23    689                                                                                                                                                                                                                                                     
  24    692                                                                                                                                                                                                                                                     
  25    695                                                                                                                                                                                                                                                     
  26    698                                                                                                                                                                                                                                                     
  27    701                                                                                                                                                                                                                                                     
  28    705                                                                                                                                                                                                                                                     
  29    708                                                                                                                                                                                                                                                     
  30    711                                                                                                                                                                                                                                                     
  31    715                                                                                                                                                                                                                                                     
  32    719                                                                                                                                                                                                                                                     
  33    724                                                                                                                                                                                                                                                     
  34    728                                                                                                                                                                                                                                                     
  35    734                                                                                                                                                                                                                                                     
  36    740                                                                                                                                                                                                                                                     
  37    748                                                                                                                                                                                                                                                     
  38    760                                                                                                                                                                                                                                                     
  39    781                                                                                                                                                                                                                                                     
  40    821                                                                                                                                                                                                                                                     
